# G1: Gain entanglement and not switch chirality (e.g. 0 to 1)
# G2: Gain entanglement and switch chirality (e.g. -1 to 2)
# G3: Lose entanglement and not switch chirality (e.g. -2 to -1)
# G4: Lose entanglement and switch chirality (e.g. -2 to 1)
# G5: Only switch chirality (e.g. -1 to 1)
# fGtot: Total number of change of entanglement / Total number of native contacts in this structure
# Total native contact: 409
 max_g     G1     G2     G3     G4     G5  fGtot
   0,0      0      0      0      0      0 0.0000
   0,0      0      0      0      0      0 0.0000
   0,0      0      0      0      0      0 0.0000
   0,0      0      0      0      0      0 0.0000
   0,0      0      0      0      0      0 0.0000
   0,0      0      0      0      0      0 0.0000
   0,0      0      0      0      0      0 0.0000
   0,0      0      0      0      0      0 0.0000
   0,0      0      0      0      0      0 0.0000
   0,0      0      0      0      0      0 0.0000
   0,0      0      0      0      0      0 0.0000
   0,0      0      0      0      0      0 0.0000
   0,0      0      0      0      0      0 0.0000
   0,0      0      0      0      0      0 0.0000
  -1,0      1      0      0      0      0 0.0047
   0,0      0      0      0      0      0 0.0000
   0,0      0      0      0      0      0 0.0000
   0,0      0      0      0      0      0 0.0000
  -1,0      1      0      0      0      0 0.0053
   0,0      0      0      0      0      0 0.0000
   0,0      0      0      0      0      0 0.0000
   0,0      0      0      0      0      0 0.0000
   0,0      0      0      0      0      0 0.0000
   0,0      0      0      0      0      0 0.0000
   0,0      0      0      0      0      0 0.0000
   0,0      0      0      0      0      0 0.0000
   0,0      0      0      0      0      0 0.0000
   0,0      0      0      0      0      0 0.0000
   0,0      0      0      0      0      0 0.0000
   0,0      0      0      0      0      0 0.0000
   0,0      0      0      0      0      0 0.0000
   0,0      0      0      0      0      0 0.0000
   0,0      0      0      0      0      0 0.0000
   0,0      0      0      0      0      0 0.0000
   0,0      0      0      0      0      0 0.0000
  -1,0      1      0      0      0      0 0.0039
   0,0      0      0      0      0      0 0.0000
   0,0      0      0      0      0      0 0.0000
   0,0      0      0      0      0      0 0.0000
   0,0      0      0      0      0      0 0.0000
   0,0      0      0      0      0      0 0.0000
   0,0      0      0      0      0      0 0.0000
   0,0      0      0      0      0      0 0.0000
   0,0      0      0      0      0      0 0.0000
   0,0      0      0      0      0      0 0.0000
   0,0      0      0      0      0      0 0.0000
   0,0      0      0      0      0      0 0.0000
   0,0      0      0      0      0      0 0.0000
   0,0      0      0      0      0      0 0.0000
   0,0      0      0      0      0      0 0.0000
   0,0      0      0      0      0      0 0.0000
   0,0      0      0      0      0      0 0.0000
   0,0      0      0      0      0      0 0.0000
   0,0      0      0      0      0      0 0.0000
   0,0      0      0      0      0      0 0.0000
   0,0      0      0      0      0      0 0.0000
   0,0      0      0      0      0      0 0.0000
   0,0      0      0      0      0      0 0.0000
   0,0      0      0      0      0      0 0.0000
   0,0      0      0      0      0      0 0.0000
   0,0      0      0      0      0      0 0.0000
   0,0      0      0      0      0      0 0.0000
   0,0      0      0      0      0      0 0.0000
   0,0      0      0      0      0      0 0.0000
   0,0      0      0      0      0      0 0.0000
   0,0      0      0      0      0      0 0.0000
   0,0      0      0      0      0      0 0.0000
   0,0      0      0      0      0      0 0.0000
   0,0      0      0      0      0      0 0.0000
   0,0      0      0      0      0      0 0.0000
   0,0      0      0      0      0      0 0.0000
   0,0      0      0      0      0      0 0.0000
   0,0      0      0      0      0      0 0.0000
   0,0      0      0      0      0      0 0.0000
   0,0      0      0      0      0      0 0.0000
   0,0      0      0      0      0      0 0.0000
   0,0      0      0      0      0      0 0.0000
   0,0      0      0      0      0      0 0.0000
   0,0      0      0      0      0      0 0.0000
   0,0      0      0      0      0      0 0.0000
   0,0      0      0      0      0      0 0.0000
   0,0      0      0      0      0      0 0.0000
   0,0      0      0      0      0      0 0.0000
   0,0      0      0      0      0      0 0.0000
   0,0      0      0      0      0      0 0.0000
   0,0      0      0      0      0      0 0.0000
  -1,0      1      0      0      0      0 0.0040
   0,0      0      0      0      0      0 0.0000
   0,0      0      0      0      0      0 0.0000
   0,0      0      0      0      0      0 0.0000
   0,0      0      0      0      0      0 0.0000
   0,0      0      0      0      0      0 0.0000
   0,0      0      0      0      0      0 0.0000
   0,0      0      0      0      0      0 0.0000
   0,0      0      0      0      0      0 0.0000
   0,0      0      0      0      0      0 0.0000
   0,0      0      0      0      0      0 0.0000
   0,0      0      0      0      0      0 0.0000
   0,0      0      0      0      0      0 0.0000
   0,0      0      0      0      0      0 0.0000
   0,0      0      0      0      0      0 0.0000
   0,0      0      0      0      0      0 0.0000
   0,0      0      0      0      0      0 0.0000
   0,0      0      0      0      0      0 0.0000
   0,0      0      0      0      0      0 0.0000
   0,0      0      0      0      0      0 0.0000
   0,0      0      0      0      0      0 0.0000
   0,0      0      0      0      0      0 0.0000
   0,0      0      0      0      0      0 0.0000
   0,0      0      0      0      0      0 0.0000
   0,0      0      0      0      0      0 0.0000
   0,0      0      0      0      0      0 0.0000
   0,0      0      0      0      0      0 0.0000
   0,0      0      0      0      0      0 0.0000
   0,0      0      0      0      0      0 0.0000
   0,0      0      0      0      0      0 0.0000
   0,0      0      0      0      0      0 0.0000
   0,0      0      0      0      0      0 0.0000
   0,0      0      0      0      0      0 0.0000
   0,0      0      0      0      0      0 0.0000
   0,0      0      0      0      0      0 0.0000
   0,0      0      0      0      0      0 0.0000
   0,0      0      0      0      0      0 0.0000
   0,0      0      0      0      0      0 0.0000
   0,0      0      0      0      0      0 0.0000
   0,0      0      0      0      0      0 0.0000
   0,0      0      0      0      0      0 0.0000
   0,0      0      0      0      0      0 0.0000
   0,0      0      0      0      0      0 0.0000
   0,0      0      0      0      0      0 0.0000
   0,0      0      0      0      0      0 0.0000
   0,0      0      0      0      0      0 0.0000
   0,0      0      0      0      0      0 0.0000
   0,0      0      0      0      0      0 0.0000
   0,0      0      0      0      0      0 0.0000
   0,0      0      0      0      0      0 0.0000
   0,0      0      0      0      0      0 0.0000
   0,0      0      0      0      0      0 0.0000
   0,0      0      0      0      0      0 0.0000
   0,0      0      0      0      0      0 0.0000
   0,0      0      0      0      0      0 0.0000
   0,0      0      0      0      0      0 0.0000
  -1,0      3      0      0      0      0 0.0136
   0,0      0      0      0      0      0 0.0000
   0,1      1      0      0      0      0 0.0044
  -1,0      0      0      0      0      1 0.0044
   0,0      0      0      0      0      0 0.0000
  -1,0      1      0      0      0      1 0.0091
   0,0      0      0      0      0      0 0.0000
  -1,0      0      0      0      0      1 0.0045
  -1,0      0      0      0      0      1 0.0050
   0,0      0      0      0      0      0 0.0000
  -1,0      0      0      0      0      1 0.0047
  -1,0      0      0      0      0      1 0.0048
  -1,0      0      0      0      0      1 0.0049
   0,0      0      0      0      0      0 0.0000
   0,0      0      0      0      0      0 0.0000
   0,0      0      0      0      0      0 0.0000
   0,0      0      0      0      0      0 0.0000
   0,0      0      0      0      0      0 0.0000
   0,0      0      0      0      0      0 0.0000
   0,0      0      0      0      0      0 0.0000
   0,0      0      0      0      0      0 0.0000
   0,0      0      0      0      0      0 0.0000
   0,0      0      0      0      0      0 0.0000
   0,0      0      0      0      0      0 0.0000
   0,0      0      0      0      0      0 0.0000
   0,0      0      0      0      0      0 0.0000
   0,0      0      0      0      0      0 0.0000
   0,0      0      0      0      0      0 0.0000
   0,0      0      0      0      0      0 0.0000
   0,0      0      0      0      0      0 0.0000
   0,0      0      0      0      0      0 0.0000
  -1,0      0      0      0      0      1 0.0049
  -1,0      0      0      0      0      4 0.0202
  -1,0      0      0      0      0      1 0.0051
  -1,0      0      0      0      0      2 0.0102
  -1,0      0      0      0      0      2 0.0103
   0,0      0      0      0      0      0 0.0000
   0,0      0      0      0      0      0 0.0000
   0,0      0      0      0      0      0 0.0000
   0,0      0      0      0      0      0 0.0000
  -1,0      0      0      1      0      3 0.0244
  -1,0      0      0      0      0      2 0.0119
   0,0      0      0      0      0      0 0.0000
  -1,0      0      0      0      0      2 0.0117
   0,0      0      0      0      0      0 0.0000
  -1,0      0      0      0      0      2 0.0114
   0,0      0      0      0      0      0 0.0000
  -1,0      1      0      1      0      3 0.0265
   0,0      0      0      1      0      0 0.0054
   0,0      0      0      1      0      0 0.0052
   0,0      0      0      0      0      0 0.0000
  -1,0      0      0      0      0      1 0.0049
   0,0      0      0      0      0      0 0.0000
  -1,0      0      0      0      0      1 0.0053
  -1,0      0      0      0      0      1 0.0047
   0,0      0      0      0      0      0 0.0000
   0,0      0      0      0      0      0 0.0000
   0,0      0      0      0      0      0 0.0000
  -1,0      0      0      0      0      1 0.0050
   0,0      0      0      1      0      0 0.0048
   0,0      0      0      1      0      0 0.0047
   0,0      0      0      1      0      0 0.0049
   0,0      0      0      0      0      0 0.0000
   0,0      0      0      0      0      0 0.0000
   0,0      0      0      1      0      0 0.0049
   0,0      0      0      1      0      0 0.0045
  -1,0      0      0      0      0      1 0.0044
  -1,0      0      0      0      0      1 0.0042
   0,0      0      0      1      0      0 0.0045
  -1,0      0      0      0      0      2 0.0078
  -1,0      0      0      0      0      1 0.0044
   0,0      0      0      0      0      0 0.0000
  -1,0      0      0      0      0      1 0.0043
  -1,0      0      0      0      0      1 0.0043
   0,0      0      0      0      0      0 0.0000
   0,0      0      0      0      0      0 0.0000
   0,0      0      0      0      0      0 0.0000
   0,0      0      0      0      0      0 0.0000
   0,0      0      0      0      0      0 0.0000
  -1,0      0      0      1      0      1 0.0094
  -1,0      0      0      0      0      4 0.0178
  -1,0      0      0      0      0      1 0.0046
  -1,0      0      0      0      0      1 0.0043
  -1,0      0      0      0      0      2 0.0085
  -1,0      0      0      0      0      2 0.0087
  -1,0      0      0      0      0      1 0.0047
  -1,0      0      0      0      0      1 0.0048
   0,0      0      0      0      0      0 0.0000
   0,0      0      0      0      0      0 0.0000
  -1,0      0      0      0      0      1 0.0045
   0,0      0      0      0      0      0 0.0000
  -1,0      0      0      0      0      2 0.0097
   0,0      0      0      0      0      0 0.0000
   0,0      0      0      0      0      0 0.0000
  -1,0      0      0      0      0      1 0.0046
  -1,0      0      0      0      0      1 0.0044
  -1,0      0      0      0      0      1 0.0044
  -1,0      0      0      0      0      1 0.0045
  -1,0      0      0      0      0      5 0.0199
  -1,0      0      0      0      0      1 0.0046
  -1,0      0      0      0      0      2 0.0084
  -1,0      0      0      0      0      2 0.0091
  -1,0      0      0      0      0      1 0.0042
   0,0      0      0      0      0      0 0.0000
  -1,0      0      0      0      0      1 0.0044
   0,0      0      0      0      0      0 0.0000
  -1,0      0      0      0      0      3 0.0126
  -1,0      0      0      0      0      2 0.0082
  -1,0      0      0      0      0      2 0.0085
  -1,0      0      0      0      0      5 0.0211
  -1,0      0      0      0      0      2 0.0084
  -1,0      0      0      0      0      1 0.0044
   0,0      0      0      0      0      0 0.0000
   0,0      0      0      0      0      0 0.0000
   0,0      0      0      0      0      0 0.0000
   0,0      0      0      0      0      0 0.0000
  -1,0      0      0      0      0      1 0.0043
   0,0      0      0      0      0      0 0.0000
  -1,0      0      0      0      0      1 0.0046
   0,0      0      0      0      0      0 0.0000
  -1,0      0      0      0      0      1 0.0041
  -1,0      0      0      0      0      6 0.0249
   0,0      0      0      0      0      0 0.0000
  -1,0      0      0      0      0      2 0.0092
   0,0      0      0      0      0      0 0.0000
   0,0      0      0      0      0      0 0.0000
   0,0      0      0      0      0      0 0.0000
   0,0      0      0      0      0      0 0.0000
   0,0      0      0      0      0      0 0.0000
   0,0      0      0      0      0      0 0.0000
  -1,0      1      0      0      0      0 0.0047
   0,0      0      0      0      0      0 0.0000
  -1,0      0      0      0      0      1 0.0047
  -1,0      0      0      0      0      1 0.0045
   0,0      0      0      0      0      0 0.0000
   0,0      0      0      0      0      0 0.0000
  -1,0      0      0      0      0      1 0.0051
   0,0      0      0      0      0      0 0.0000
   0,0      0      0      0      0      0 0.0000
   0,0      0      0      0      0      0 0.0000
   0,0      0      0      0      0      0 0.0000
   0,0      0      0      0      0      0 0.0000
   0,0      0      0      0      0      0 0.0000
   0,0      0      0      0      0      0 0.0000
   0,0      0      0      0      0      0 0.0000
   0,0      0      0      0      0      0 0.0000
   0,0      0      0      0      0      0 0.0000
   0,0      0      0      0      0      0 0.0000
   0,0      0      0      0      0      0 0.0000
   0,0      0      0      0      0      0 0.0000
   0,0      0      0      0      0      0 0.0000
   0,0      0      0      0      0      0 0.0000
   0,0      0      0      0      0      0 0.0000
   0,0      0      0      0      0      0 0.0000
   0,0      0      0      0      0      0 0.0000
   0,0      0      0      0      0      0 0.0000
   0,0      0      0      0      0      0 0.0000
   0,0      0      0      0      0      0 0.0000
   0,0      0      0      0      0      0 0.0000
   0,0      0      0      0      0      0 0.0000
   0,0      0      0      0      0      0 0.0000
   0,0      0      0      0      0      0 0.0000
   0,0      0      0      0      0      0 0.0000
   0,0      0      0      0      0      0 0.0000
   0,0      0      0      0      0      0 0.0000
   0,0      0      0      0      0      0 0.0000
   0,0      0      0      0      0      0 0.0000
   0,0      0      0      0      0      0 0.0000
   0,0      0      0      0      0      0 0.0000
   0,0      0      0      0      0      0 0.0000
   0,0      0      0      0      0      0 0.0000
   0,0      0      0      0      0      0 0.0000
   0,0      0      0      0      0      0 0.0000
   0,0      0      0      0      0      0 0.0000
  -1,0      2      0      0      0      0 0.0093
   0,0      0      0      0      0      0 0.0000
   0,0      0      0      0      0      0 0.0000
   0,0      0      0      0      0      0 0.0000
   0,0      0      0      0      0      0 0.0000
   0,0      0      0      0      0      0 0.0000
   0,0      0      0      0      0      0 0.0000
   0,0      0      0      0      0      0 0.0000
   0,0      0      0      0      0      0 0.0000
   0,0      0      0      0      0      0 0.0000
   0,0      0      0      0      0      0 0.0000
   0,0      0      0      0      0      0 0.0000
   0,0      0      0      0      0      0 0.0000
   0,0      0      0      0      0      0 0.0000
   0,0      0      0      0      0      0 0.0000
   0,0      0      0      0      0      0 0.0000
   0,0      0      0      0      0      0 0.0000
   0,0      0      0      0      0      0 0.0000
   0,0      0      0      0      0      0 0.0000
   0,0      0      0      0      0      0 0.0000
   0,0      0      0      0      0      0 0.0000
   0,0      0      0      0      0      0 0.0000
   0,0      0      0      0      0      0 0.0000
   0,0      0      0      0      0      0 0.0000
   0,0      0      0      0      0      0 0.0000
   0,0      0      0      0      0      0 0.0000
   0,0      0      0      0      0      0 0.0000
  -1,0      1      0      0      0      0 0.0045
   0,0      0      0      0      0      0 0.0000
   0,0      0      0      0      0      0 0.0000
   0,0      0      0      0      0      0 0.0000
   0,0      0      0      0      0      0 0.0000
   0,0      0      0      0      0      0 0.0000
   0,0      0      0      0      0      0 0.0000
   0,0      0      0      0      0      0 0.0000
   0,0      0      0      0      0      0 0.0000
   0,0      0      0      0      0      0 0.0000
   0,0      0      0      0      0      0 0.0000
  -1,0      1      0      0      0      0 0.0053
   0,0      0      0      0      0      0 0.0000
   0,0      0      0      0      0      0 0.0000
   0,0      0      0      0      0      0 0.0000
   0,0      0      0      0      0      0 0.0000
   0,0      0      0      0      0      0 0.0000
   0,0      0      0      0      0      0 0.0000
   0,0      0      0      0      0      0 0.0000
   0,0      0      0      0      0      0 0.0000
   0,0      0      0      0      0      0 0.0000
   0,0      0      0      0      0      0 0.0000
   0,0      0      0      0      0      0 0.0000
   0,0      0      0      0      0      0 0.0000
   0,0      0      0      0      0      0 0.0000
   0,0      0      0      0      0      0 0.0000
   0,0      0      0      0      0      0 0.0000
   0,0      0      0      0      0      0 0.0000
   0,0      0      0      0      0      0 0.0000
   0,0      0      0      0      0      0 0.0000
   0,0      0      0      0      0      0 0.0000
   0,0      0      0      0      0      0 0.0000
   0,0      0      0      0      0      0 0.0000
   0,0      0      0      0      0      0 0.0000
   0,0      0      0      0      0      0 0.0000
   0,0      0      0      0      0      0 0.0000
   0,0      0      0      0      0      0 0.0000
   0,0      0      0      0      0      0 0.0000
   0,0      0      0      0      0      0 0.0000
   0,0      0      0      0      0      0 0.0000
   0,0      0      0      0      0      0 0.0000
   0,0      0      0      0      0      0 0.0000
   0,0      0      0      0      0      0 0.0000
   0,0      0      0      0      0      0 0.0000
   0,0      0      0      0      0      0 0.0000
   0,0      0      0      0      0      0 0.0000
   0,0      0      0      0      0      0 0.0000
   0,0      0      0      0      0      0 0.0000
   0,0      0      0      0      0      0 0.0000
   0,0      0      0      0      0      0 0.0000
   0,0      0      0      0      0      0 0.0000
   0,0      0      0      0      0      0 0.0000
   0,0      0      0      0      0      0 0.0000
   0,0      0      0      0      0      0 0.0000
   0,0      0      0      0      0      0 0.0000
   0,0      0      0      0      0      0 0.0000
  -1,0      1      0      0      0      0 0.0050
   0,0      0      0      0      0      0 0.0000
   0,0      0      0      0      0      0 0.0000
   0,0      0      0      0      0      0 0.0000
   0,0      0      0      0      0      0 0.0000
   0,0      0      0      0      0      0 0.0000
   0,0      0      0      0      0      0 0.0000
   0,0      0      0      0      0      0 0.0000
   0,0      0      0      0      0      0 0.0000
   0,0      0      0      0      0      0 0.0000
   0,0      0      0      0      0      0 0.0000
   0,0      0      0      0      0      0 0.0000
   0,0      0      0      0      0      0 0.0000
   0,0      0      0      0      0      0 0.0000
   0,0      0      0      0      0      0 0.0000
   0,0      0      0      0      0      0 0.0000
   0,0      0      0      0      0      0 0.0000
   0,0      0      0      0      0      0 0.0000
   0,0      0      0      0      0      0 0.0000
   0,0      0      0      0      0      0 0.0000
   0,0      0      0      0      0      0 0.0000
   0,0      0      0      0      0      0 0.0000
   0,0      0      0      0      0      0 0.0000
   0,0      0      0      0      0      0 0.0000
   0,0      0      0      0      0      0 0.0000
   0,0      0      0      0      0      0 0.0000
   0,0      0      0      0      0      0 0.0000
   0,0      0      0      0      0      0 0.0000
   0,0      0      0      0      0      0 0.0000
  -1,0      0      0      0      0      1 0.0046
   0,0      0      0      0      0      0 0.0000
  -1,0      0      0      0      0      1 0.0046
   0,0      0      0      0      0      0 0.0000
   0,0      0      0      1      0      0 0.0050
  -1,0      0      0      1      0      1 0.0093
   0,0      0      0      0      0      0 0.0000
   0,0      0      0      0      0      0 0.0000
   0,0      0      0      1      0      0 0.0048
   0,0      0      0      0      0      0 0.0000
  -1,0      0      0      0      0      1 0.0048
   0,0      0      0      0      0      0 0.0000
  -1,0      4      0      0      0      1 0.0248
  -1,0      1      0      0      0      1 0.0093
  -1,0      0      0      0      0      1 0.0047
   0,0      0      0      0      0      0 0.0000
   0,0      0      0      1      0      0 0.0046
   0,0      0      0      1      0      0 0.0045
   0,0      0      0      0      0      0 0.0000
   0,0      0      0      1      0      0 0.0049
   0,0      0      0      1      0      0 0.0045
  -1,0      3      0      0      0      1 0.0191
   0,0      0      0      0      0      0 0.0000
   0,0      0      0      0      0      0 0.0000
   0,0      0      0      0      0      0 0.0000
   0,0      0      0      4      0      0 0.0169
  -1,0      0      0      0      0      5 0.0218
  -1,0      0      0      0      0      2 0.0091
  -1,0      0      0      2      0      1 0.0146
   0,0      0      0      0      0      0 0.0000
   0,0      0      0      0      0      0 0.0000
  -1,0      1      0      0      0      0 0.0049
   0,0      0      0      1      0      0 0.0047
  -1,0      2      0      0      0      0 0.0090
   0,0      0      0      1      0      0 0.0046
  -1,0      0      0      1      0      1 0.0086
  -1,0      0      0      0      0      1 0.0045
   0,0      0      0      1      0      0 0.0043
   0,0      0      0      0      0      0 0.0000
   0,0      0      0      2      0      0 0.0081
  -1,0      0      0      1      0      1 0.0082
   0,0      0      0      1      0      0 0.0044
   0,0      0      0      2      0      0 0.0089
   0,0      0      0      1      0      0 0.0043
  -1,0      0      0      0      0      2 0.0089
   0,0      0      0      2      0      0 0.0091
  -1,0      1      0      2      0      1 0.0173
   0,0      0      0      4      0      0 0.0160
  -1,0      0      0      3      0      1 0.0163
   0,0      0      0      0      0      0 0.0000
   0,0      0      0      0      0      0 0.0000
   0,0      0      0      0      0      0 0.0000
   0,0      0      0      0      0      0 0.0000
   0,0      0      0      0      0      0 0.0000
   0,0      0      0      1      0      0 0.0042
   0,0      0      0      0      0      0 0.0000
   0,0      0      0      0      0      0 0.0000
   0,0      0      0      0      0      0 0.0000
   0,0      0      0      0      0      0 0.0000
   0,0      0      0      0      0      0 0.0000
   0,0      0      0      0      0      0 0.0000
  -1,0      2      0      0      0      0 0.0088
   0,0      0      0      0      0      0 0.0000
  -1,0      1      0      0      0      0 0.0044
   0,0      0      0      0      0      0 0.0000
  -1,0      3      0      0      0      0 0.0126
  -1,0      3      0      0      0      0 0.0126
   0,0      0      0      0      0      0 0.0000
   0,0      0      0      0      0      0 0.0000
   0,0      0      0      0      0      0 0.0000
   0,0      0      0      0      0      0 0.0000
   0,0      0      0      0      0      0 0.0000
   0,0      0      0      0      0      0 0.0000
   0,0      0      0      0      0      0 0.0000
  -1,0      3      0      0      0      0 0.0127
   0,0      0      0      0      0      0 0.0000
   0,0      0      0      0      0      0 0.0000
   0,0      0      0      0      0      0 0.0000
   0,0      0      0      0      0      0 0.0000
   0,0      0      0      0      0      0 0.0000
   0,0      0      0      0      0      0 0.0000
   0,0      0      0      0      0      0 0.0000
  -1,0      2      0      0      0      0 0.0104
   0,0      0      0      0      0      0 0.0000
   0,0      0      0      0      0      0 0.0000
  -1,0      1      0      0      0      0 0.0054
   0,0      0      0      0      0      0 0.0000
   0,0      0      0      0      0      0 0.0000
   0,0      0      0      0      0      0 0.0000
   0,0      0      0      0      0      0 0.0000
   0,0      0      0      0      0      0 0.0000
   0,0      0      0      0      0      0 0.0000
   0,0      0      0      0      0      0 0.0000
   0,0      0      0      0      0      0 0.0000
   0,0      0      0      0      0      0 0.0000
   0,1      1      0      0      0      0 0.0047
   0,0      0      0      0      0      0 0.0000
   0,0      0      0      0      0      0 0.0000
   0,0      0      0      0      0      0 0.0000
  -1,0      2      0      0      0      0 0.0094
   0,0      0      0      0      0      0 0.0000
   0,0      0      0      0      0      0 0.0000
   0,0      0      0      0      0      0 0.0000
   0,0      0      0      0      0      0 0.0000
   0,0      0      0      0      0      0 0.0000
   0,0      0      0      0      0      0 0.0000
   0,0      0      0      0      0      0 0.0000
   0,0      0      0      0      0      0 0.0000
   0,0      0      0      0      0      0 0.0000
  -1,0      1      0      0      0      0 0.0042
   0,0      0      0      0      0      0 0.0000
   0,0      0      0      0      0      0 0.0000
  -1,0      1      0      0      0      0 0.0043
  -1,0      3      0      0      0      0 0.0123
   0,0      0      0      0      0      0 0.0000
   0,0      0      0      0      0      0 0.0000
   0,0      0      0      0      0      0 0.0000
   0,0      0      0      0      0      0 0.0000
   0,0      0      0      0      0      0 0.0000
   0,0      0      0      0      0      0 0.0000
   0,0      0      0      0      0      0 0.0000
   0,0      0      0      0      0      0 0.0000
   0,0      0      0      0      0      0 0.0000
   0,0      0      0      0      0      0 0.0000
   0,0      0      0      0      0      0 0.0000
   0,0      0      0      0      0      0 0.0000
   0,0      0      0      0      0      0 0.0000
   0,0      0      0      0      0      0 0.0000
   0,0      0      0      0      0      0 0.0000
   0,0      0      0      0      0      0 0.0000
   0,0      0      0      0      0      0 0.0000
   0,0      0      0      0      0      0 0.0000
   0,0      0      0      0      0      0 0.0000
   0,0      0      0      0      0      0 0.0000
  -1,0      1      0      0      0      0 0.0049
   0,0      0      0      0      0      0 0.0000
   0,0      0      0      0      0      0 0.0000
   0,0      0      0      0      0      0 0.0000
  -1,0      1      0      0      0      0 0.0047
   0,0      0      0      0      0      0 0.0000
   0,0      0      0      0      0      0 0.0000
  -1,0      1      0      0      0      0 0.0049
   0,0      0      0      0      0      0 0.0000
   0,0      0      0      0      0      0 0.0000
   0,0      0      0      0      0      0 0.0000
   0,0      0      0      0      0      0 0.0000
   0,0      0      0      0      0      0 0.0000
   0,0      0      0      0      0      0 0.0000
   0,0      0      0      0      0      0 0.0000
   0,0      0      0      0      0      0 0.0000
   0,0      0      0      0      0      0 0.0000
   0,0      0      0      0      0      0 0.0000
   0,0      0      0      0      0      0 0.0000
   0,0      0      0      0      0      0 0.0000
   0,0      0      0      0      0      0 0.0000
   0,0      0      0      0      0      0 0.0000
   0,0      0      0      0      0      0 0.0000
   0,0      0      0      0      0      0 0.0000
   0,0      0      0      0      0      0 0.0000
   0,0      0      0      0      0      0 0.0000
  -1,0      1      0      0      0      0 0.0046
   0,0      0      0      0      0      0 0.0000
   0,0      0      0      0      0      0 0.0000
   0,0      0      0      0      0      0 0.0000
   0,0      0      0      0      0      0 0.0000
   0,0      0      0      0      0      0 0.0000
   0,0      0      0      0      0      0 0.0000
   0,0      0      0      0      0      0 0.0000
   0,0      0      0      0      0      0 0.0000
   0,0      0      0      0      0      0 0.0000
   0,0      0      0      0      0      0 0.0000
   0,0      0      0      0      0      0 0.0000
   0,0      0      0      0      0      0 0.0000
   0,0      0      0      0      0      0 0.0000
   0,0      0      0      0      0      0 0.0000
   0,0      0      0      0      0      0 0.0000
  -1,0      1      0      0      0      0 0.0046
   0,0      0      0      0      0      0 0.0000
   0,0      0      0      0      0      0 0.0000
   0,0      0      0      0      0      0 0.0000
  -1,0      3      0      0      0      0 0.0139
   0,0      0      0      0      0      0 0.0000
   0,0      0      0      0      0      0 0.0000
   0,0      0      0      0      0      0 0.0000
   0,0      0      0      0      0      0 0.0000
  -1,0      2      0      0      0      0 0.0097
   0,0      0      0      0      0      0 0.0000
   0,0      0      0      0      0      0 0.0000
  -1,0      1      0      0      0      0 0.0048
   0,0      0      0      0      0      0 0.0000
   0,0      0      0      0      0      0 0.0000
   0,0      0      0      0      0      0 0.0000
   0,0      0      0      0      0      0 0.0000
   0,0      0      0      0      0      0 0.0000
   0,0      0      0      0      0      0 0.0000
   0,0      0      0      0      0      0 0.0000
   0,0      0      0      0      0      0 0.0000
   0,0      0      0      0      0      0 0.0000
   0,0      0      0      0      0      0 0.0000
  -1,0      1      0      0      0      0 0.0048
  -1,0      1      0      0      0      0 0.0046
   0,0      0      0      0      0      0 0.0000
   0,0      0      0      0      0      0 0.0000
   0,0      0      0      0      0      0 0.0000
  -1,0      1      0      0      0      0 0.0050
   0,0      0      0      0      0      0 0.0000
   0,0      0      0      0      0      0 0.0000
   0,0      0      0      0      0      0 0.0000
   0,0      0      0      0      0      0 0.0000
   0,0      0      0      0      0      0 0.0000
   0,0      0      0      0      0      0 0.0000
   0,0      0      0      0      0      0 0.0000
   0,0      0      0      0      0      0 0.0000
   0,0      0      0      0      0      0 0.0000
   0,0      0      0      0      0      0 0.0000
   0,0      0      0      0      0      0 0.0000
   0,0      0      0      0      0      0 0.0000
   0,0      0      0      0      0      0 0.0000
   0,0      0      0      0      0      0 0.0000
   0,0      0      0      0      0      0 0.0000
  -1,0      1      0      0      0      0 0.0045
   0,0      0      0      0      0      0 0.0000
  -1,0      3      0      0      0      0 0.0135
   0,0      0      0      0      0      0 0.0000
  -1,0      2      0      0      0      0 0.0091
   0,0      0      0      0      0      0 0.0000
   0,0      0      0      0      0      0 0.0000
  -1,0      2      0      0      0      0 0.0089
   0,0      0      0      0      0      0 0.0000
   0,0      0      0      0      0      0 0.0000
   0,0      0      0      0      0      0 0.0000
   0,0      0      0      0      0      0 0.0000
   0,0      0      0      0      0      0 0.0000
  -1,0      2      0      0      0      0 0.0104
   0,0      0      0      0      0      0 0.0000
   0,0      0      0      0      0      0 0.0000
   0,0      0      0      0      0      0 0.0000
   0,0      0      0      0      0      0 0.0000
   0,0      0      0      0      0      0 0.0000
   0,0      0      0      0      0      0 0.0000
  -1,0      1      0      0      0      0 0.0054
   0,0      0      0      0      0      0 0.0000
   0,0      0      0      0      0      0 0.0000
   0,0      0      0      0      0      0 0.0000
   0,0      0      0      0      0      0 0.0000
   0,0      0      0      0      0      0 0.0000
   0,0      0      0      2      0      0 0.0096
   0,0      0      0      1      0      0 0.0047
  -1,0      0      0      0      0      1 0.0045
  -1,0      0      0      1      0      2 0.0126
   0,0      0      0      2      0      0 0.0089
   0,0      0      0      3      0      0 0.0134
   0,0      0      0      0      0      0 0.0000
  -1,0      0      0      0      0      1 0.0043
   0,0      0      0      2      0      0 0.0085
   0,0      0      0      4      0      0 0.0172
  -1,0      0      0      0      0      2 0.0085
  -1,0      0      0      0      0      2 0.0087
  -1,0      0      0      2      0      1 0.0126
  -1,0      0      0      0      0      4 0.0169
  -1,0      0      0      1      0      3 0.0165
  -1,0      0      0      0      0      3 0.0134
  -1,0      0      0      0      0      2 0.0082
  -1,0      0      0      0      0      4 0.0175
  -1,0      0      0      0      0      5 0.0216
  -1,0      0      0      0      0      3 0.0122
  -1,0      0      0      1      0      2 0.0130
   0,0      0      0      0      0      0 0.0000
  -1,0      0      0      0      0      6 0.0244
  -1,0      0      0      0      0      2 0.0097
  -1,0      0      0      0      0      2 0.0091
  -1,0      0      0      1      0      4 0.0221
  -1,0      0      0      0      0      4 0.0168
  -2,0      0      1      1      0      1 0.0136
  -1,0      0      0      2      0      1 0.0126
   0,0      0      0      0      0      0 0.0000
   0,0      0      0      0      0      0 0.0000
   0,0      0      0      2      0      0 0.0090
  -1,0      0      0      0      0      1 0.0042
   0,0      0      0      0      0      0 0.0000
   0,0      0      0      0      0      0 0.0000
  -1,0      0      0      0      0      5 0.0236
   0,0      0      0      0      0      0 0.0000
   0,0      0      0      0      0      0 0.0000
   0,0      0      0      0      0      0 0.0000
   0,0      0      0      0      0      0 0.0000
   0,0      0      0      0      0      0 0.0000
   0,0      0      0      0      0      0 0.0000
   0,0      0      0      0      0      0 0.0000
   0,0      0      0      0      0      0 0.0000
   0,0      0      0      0      0      0 0.0000
   0,0      0      0      0      0      0 0.0000
   0,0      0      0      0      0      0 0.0000
   0,0      0      0      0      0      0 0.0000
   0,0      0      0      0      0      0 0.0000
   0,0      0      0      0      0      0 0.0000
   0,0      0      0      0      0      0 0.0000
   0,0      0      0      0      0      0 0.0000
   0,0      0      0      0      0      0 0.0000
   0,0      0      0      0      0      0 0.0000
   0,0      0      0      0      0      0 0.0000
   0,0      0      0      0      0      0 0.0000
   0,0      0      0      0      0      0 0.0000
   0,0      0      0      0      0      0 0.0000
   0,0      0      0      0      0      0 0.0000
   0,0      0      0      0      0      0 0.0000
   0,0      0      0      0      0      0 0.0000
   0,0      0      0      0      0      0 0.0000
   0,0      0      0      0      0      0 0.0000
   0,0      0      0      0      0      0 0.0000
   0,0      0      0      0      0      0 0.0000
   0,0      0      0      0      0      0 0.0000
  -1,0      1      0      0      0      0 0.0047
   0,0      0      0      0      0      0 0.0000
  -1,0      1      0      0      0      0 0.0044
   0,0      0      0      0      0      0 0.0000
   0,0      0      0      0      0      0 0.0000
   0,0      0      0      0      0      0 0.0000
   0,0      0      0      0      0      0 0.0000
   0,0      0      0      0      0      0 0.0000
   0,0      0      0      0      0      0 0.0000
   0,0      0      0      0      0      0 0.0000
   0,0      0      0      0      0      0 0.0000
   0,0      0      0      0      0      0 0.0000
   0,0      0      0      0      0      0 0.0000
   0,0      0      0      0      0      0 0.0000
   0,0      0      0      0      0      0 0.0000
   0,0      0      0      0      0      0 0.0000
   0,0      0      0      0      0      0 0.0000
   0,0      0      0      0      0      0 0.0000
   0,0      0      0      0      0      0 0.0000
   0,0      0      0      0      0      0 0.0000
   0,0      0      0      0      0      0 0.0000
   0,0      0      0      0      0      0 0.0000
   0,0      0      0      0      0      0 0.0000
   0,0      0      0      0      0      0 0.0000
   0,0      0      0      0      0      0 0.0000
   0,0      0      0      0      0      0 0.0000
   0,0      0      0      0      0      0 0.0000
   0,0      0      0      0      0      0 0.0000
   0,0      0      0      0      0      0 0.0000
   0,0      0      0      0      0      0 0.0000
   0,0      0      0      0      0      0 0.0000
   0,0      0      0      0      0      0 0.0000
   0,0      0      0      0      0      0 0.0000
   0,0      0      0      0      0      0 0.0000
   0,0      0      0      0      0      0 0.0000
   0,0      0      0      0      0      0 0.0000
   0,0      0      0      0      0      0 0.0000
   0,0      0      0      0      0      0 0.0000
   0,0      0      0      0      0      0 0.0000
   0,0      0      0      0      0      0 0.0000
   0,0      0      0      0      0      0 0.0000
   0,0      0      0      0      0      0 0.0000
   0,0      0      0      0      0      0 0.0000
   0,0      0      0      0      0      0 0.0000
   0,0      0      0      0      0      0 0.0000
   0,0      0      0      0      0      0 0.0000
   0,0      0      0      0      0      0 0.0000
   0,0      0      0      0      0      0 0.0000
   0,0      0      0      0      0      0 0.0000
   0,0      0      0      0      0      0 0.0000
   0,0      0      0      0      0      0 0.0000
   0,0      0      0      0      0      0 0.0000
   0,0      0      0      0      0      0 0.0000
   0,0      0      0      0      0      0 0.0000
   0,0      0      0      0      0      0 0.0000
   0,0      0      0      0      0      0 0.0000
   0,0      0      0      0      0      0 0.0000
   0,0      0      0      0      0      0 0.0000
   0,0      0      0      0      0      0 0.0000
   0,0      0      0      0      0      0 0.0000
   0,0      0      0      0      0      0 0.0000
   0,0      0      0      0      0      0 0.0000
   0,0      0      0      0      0      0 0.0000
   0,0      0      0      0      0      0 0.0000
  -1,0      2      0      0      0      0 0.0089
   0,0      0      0      0      0      0 0.0000
   0,0      0      0      0      0      0 0.0000
  -1,0      1      0      0      0      0 0.0044
  -1,0      1      0      0      0      0 0.0046
   0,0      0      0      0      0      0 0.0000
   0,0      0      0      0      0      0 0.0000
  -1,0      1      0      0      0      0 0.0046
   0,0      0      0      0      0      0 0.0000
  -1,0      2      0      0      0      0 0.0084
   0,0      0      0      0      0      0 0.0000
   0,0      0      0      0      0      0 0.0000
   0,0      0      0      0      0      0 0.0000
   0,0      0      0      0      0      0 0.0000
   0,0      0      0      0      0      0 0.0000
   0,0      0      0      0      0      0 0.0000
   0,0      0      0      0      0      0 0.0000
   0,0      0      0      0      0      0 0.0000
   0,0      0      0      0      0      0 0.0000
   0,0      0      0      0      0      0 0.0000
   0,0      0      0      0      0      0 0.0000
   0,0      0      0      0      0      0 0.0000
   0,0      0      0      0      0      0 0.0000
   0,0      0      0      0      0      0 0.0000
   0,0      0      0      0      0      0 0.0000
   0,0      0      0      0      0      0 0.0000
   0,0      0      0      0      0      0 0.0000
   0,0      0      0      0      0      0 0.0000
   0,0      0      0      0      0      0 0.0000
   0,0      0      0      0      0      0 0.0000
   0,0      0      0      0      0      0 0.0000
   0,0      0      0      0      0      0 0.0000
   0,0      0      0      0      0      0 0.0000
   0,0      0      0      0      0      0 0.0000
   0,0      0      0      0      0      0 0.0000
   0,0      0      0      0      0      0 0.0000
   0,0      0      0      0      0      0 0.0000
   0,0      0      0      0      0      0 0.0000
   0,0      0      0      0      0      0 0.0000
   0,0      0      0      0      0      0 0.0000
   0,0      0      0      0      0      0 0.0000
   0,0      0      0      0      0      0 0.0000
  -1,0      1      0      0      0      0 0.0043
   0,0      0      0      0      0      0 0.0000
   0,0      0      0      0      0      0 0.0000
   0,0      0      0      0      0      0 0.0000
  -1,0      2      0      0      0      0 0.0090
   0,0      0      0      0      0      0 0.0000
   0,0      0      0      0      0      0 0.0000
   0,0      0      0      0      0      0 0.0000
   0,0      0      0      0      0      0 0.0000
   0,0      0      0      0      0      0 0.0000
   0,0      0      0      0      0      0 0.0000
   0,0      0      0      0      0      0 0.0000
   0,0      0      0      0      0      0 0.0000
   0,0      0      0      0      0      0 0.0000
  -1,0      1      0      0      0      0 0.0046
  -1,0      3      0      0      0      0 0.0142
  -1,0      1      0      0      0      0 0.0046
   0,0      0      0      0      0      0 0.0000
   0,0      0      0      0      0      0 0.0000
   0,0      0      0      0      0      0 0.0000
  -1,0      2      0      0      0      0 0.0087
  -1,0      1      0      0      0      0 0.0049
   0,0      0      0      0      0      0 0.0000
   0,0      0      0      0      0      0 0.0000
  -1,0      3      0      0      0      0 0.0142
   0,0      0      0      0      0      0 0.0000
   0,0      0      0      0      0      0 0.0000
   0,0      0      0      0      0      0 0.0000
   0,0      0      0      0      0      0 0.0000
   0,0      0      0      0      0      0 0.0000
   0,0      0      0      0      0      0 0.0000
  -1,0      1      0      0      0      0 0.0045
   0,0      0      0      0      0      0 0.0000
   0,0      0      0      0      0      0 0.0000
   0,0      0      0      0      0      0 0.0000
   0,0      0      0      0      0      0 0.0000
   0,0      0      0      0      0      0 0.0000
   0,0      0      0      0      0      0 0.0000
   0,0      0      0      0      0      0 0.0000
   0,0      0      0      0      0      0 0.0000
  -1,0      1      0      0      0      0 0.0041
   0,0      0      0      0      0      0 0.0000
   0,0      0      0      0      0      0 0.0000
   0,0      0      0      0      0      0 0.0000
   0,0      0      0      0      0      0 0.0000
   0,0      0      0      0      0      0 0.0000
   0,0      0      0      0      0      0 0.0000
  -1,0      1      0      0      0      0 0.0046
   0,0      0      0      0      0      0 0.0000
   0,0      0      0      0      0      0 0.0000
   0,0      0      0      0      0      0 0.0000
   0,0      0      0      0      0      0 0.0000
   0,0      0      0      0      0      0 0.0000
   0,0      0      0      0      0      0 0.0000
  -1,0      1      0      0      0      0 0.0043
   0,0      0      0      0      0      0 0.0000
   0,0      0      0      0      0      0 0.0000
   0,0      0      0      0      0      0 0.0000
   0,0      0      0      0      0      0 0.0000
   0,0      0      0      0      0      0 0.0000
   0,0      0      0      0      0      0 0.0000
   0,0      0      0      0      0      0 0.0000
   0,0      0      0      0      0      0 0.0000
   0,0      0      0      0      0      0 0.0000
   0,0      0      0      0      0      0 0.0000
   0,0      0      0      0      0      0 0.0000
   0,0      0      0      0      0      0 0.0000
   0,0      0      0      0      0      0 0.0000
   0,0      0      0      0      0      0 0.0000
   0,0      0      0      0      0      0 0.0000
   0,0      0      0      0      0      0 0.0000
  -1,0      1      0      0      0      0 0.0047
   0,0      0      0      0      0      0 0.0000
   0,0      0      0      0      0      0 0.0000
   0,0      0      0      0      0      0 0.0000
   0,0      0      0      0      0      0 0.0000
   0,0      0      0      0      0      0 0.0000
   0,0      0      0      0      0      0 0.0000
   0,0      0      0      0      0      0 0.0000
   0,0      0      0      0      0      0 0.0000
   0,0      0      0      0      0      0 0.0000
   0,0      0      0      0      0      0 0.0000
   0,0      0      0      0      0      0 0.0000
   0,0      0      0      0      0      0 0.0000
  -1,0      1      0      0      0      0 0.0043
   0,0      0      0      0      0      0 0.0000
   0,0      0      0      0      0      0 0.0000
   0,0      0      0      0      0      0 0.0000
   0,0      0      0      0      0      0 0.0000
   0,0      0      0      0      0      0 0.0000
   0,0      0      0      0      0      0 0.0000
   0,0      0      0      0      0      0 0.0000
  -1,0      1      0      0      0      0 0.0044
  -1,0      1      0      0      0      0 0.0050
  -1,0      3      0      0      0      0 0.0149
  -1,0      1      0      0      0      0 0.0046
  -1,0      1      0      0      0      0 0.0046
   0,1      1      0      0      0      0 0.0047
   0,0      0      0      0      0      0 0.0000
   0,0      0      0      0      0      0 0.0000
   0,0      0      0      0      0      0 0.0000
   0,0      0      0      0      0      0 0.0000
   0,0      0      0      0      0      0 0.0000
   0,0      0      0      0      0      0 0.0000
   0,0      0      0      0      0      0 0.0000
   0,0      0      0      0      0      0 0.0000
  -1,1      4      0      0      0      0 0.0187
  -1,0      2      0      0      0      0 0.0101
  -1,0      3      0      0      0      0 0.0141
   0,0      0      0      0      0      0 0.0000
   0,0      0      0      0      0      0 0.0000
   0,0      0      0      0      0      0 0.0000
   0,0      0      0      0      0      0 0.0000
   0,0      0      0      0      0      0 0.0000
   0,0      0      0      0      0      0 0.0000
   0,0      0      0      0      0      0 0.0000
   0,0      0      0      0      0      0 0.0000
  -1,0      1      0      0      0      0 0.0042
   0,0      0      0      0      0      0 0.0000
   0,0      0      0      0      0      0 0.0000
  -1,0      2      0      0      0      0 0.0088
   0,0      0      0      0      0      0 0.0000
   0,0      0      0      0      0      0 0.0000
   0,0      0      0      0      0      0 0.0000
  -1,0      1      0      0      0      0 0.0049
   0,0      0      0      0      0      0 0.0000
   0,0      0      0      0      0      0 0.0000
   0,0      0      0      0      0      0 0.0000
   0,0      0      0      0      0      0 0.0000
   0,0      0      0      0      0      0 0.0000
   0,0      0      0      0      0      0 0.0000
   0,0      0      0      0      0      0 0.0000
   0,0      0      0      0      0      0 0.0000
  -1,0      1      0      0      0      0 0.0047
   0,0      0      0      0      0      0 0.0000
   0,0      0      0      0      0      0 0.0000
   0,0      0      0      0      0      0 0.0000
   0,0      0      0      0      0      0 0.0000
   0,0      0      0      0      0      0 0.0000
   0,0      0      0      0      0      0 0.0000
   0,0      0      0      0      0      0 0.0000
   0,0      0      0      0      0      0 0.0000
  -1,0      1      0      0      0      0 0.0051
   0,0      0      0      0      0      0 0.0000
   0,0      0      0      0      0      0 0.0000
   0,0      0      0      0      0      0 0.0000
   0,0      0      0      0      0      0 0.0000
   0,0      0      0      0      0      0 0.0000
   0,0      0      0      0      0      0 0.0000
   0,0      0      0      0      0      0 0.0000
   0,0      0      0      0      0      0 0.0000
   0,0      0      0      0      0      0 0.0000
   0,0      0      0      0      0      0 0.0000
   0,0      0      0      0      0      0 0.0000
   0,0      0      0      0      0      0 0.0000
   0,0      0      0      0      0      0 0.0000
   0,0      0      0      0      0      0 0.0000
   0,0      0      0      0      0      0 0.0000
   0,0      0      0      0      0      0 0.0000
   0,0      0      0      0      0      0 0.0000
  -1,0      1      0      0      0      0 0.0041
  -1,0      3      0      0      0      0 0.0127
   0,0      0      0      0      0      0 0.0000
   0,0      0      0      0      0      0 0.0000
   0,0      0      0      0      0      0 0.0000
   0,0      0      0      0      0      0 0.0000
   0,0      0      0      0      0      0 0.0000
   0,0      0      0      0      0      0 0.0000
   0,0      0      0      0      0      0 0.0000
   0,0      0      0      0      0      0 0.0000
   0,0      0      0      0      0      0 0.0000
  -1,0      1      0      0      0      0 0.0043
  -1,0      2      0      0      0      0 0.0095
   0,0      0      0      0      0      0 0.0000
   0,0      0      0      0      0      0 0.0000
   0,0      0      0      0      0      0 0.0000
   0,0      0      0      0      0      0 0.0000
   0,0      0      0      0      0      0 0.0000
   0,0      0      0      0      0      0 0.0000
  -1,0      2      0      0      0      0 0.0081
   0,0      0      0      0      0      0 0.0000
   0,0      0      0      0      0      0 0.0000
  -1,0      0      0      0      0      3 0.0142
  -1,0      0      0      0      0      2 0.0090
  -1,0      0      0      1      0      2 0.0132
  -1,0      0      0      1      0      1 0.0084
   0,0      0      0      0      0      0 0.0000
  -1,0      0      0      0      0      1 0.0047
  -1,0      0      0      2      0      1 0.0134
   0,0      0      0      1      0      0 0.0044
  -1,0      0      0      2      0      1 0.0128
  -1,0      0      0      0      0      3 0.0133
  -1,0      0      0      0      0      4 0.0173
   0,0      0      0      2      0      0 0.0083
  -1,0      0      0      0      0      2 0.0088
  -2,0      0      1      0      0      1 0.0087
   0,0      0      0      0      0      0 0.0000
   0,0      0      0      0      0      0 0.0000
  -1,0      0      0      0      0      2 0.0096
   0,0      0      0      0      0      0 0.0000
  -1,0      0      0      0      0      1 0.0047
   0,0      0      0      0      0      0 0.0000
   0,0      0      0      0      0      0 0.0000
   0,0      0      0      0      0      0 0.0000
   0,0      0      0      0      0      0 0.0000
  -1,0      3      0      0      0      0 0.0157
  -1,0      1      0      0      0      0 0.0050
   0,0      0      0      0      0      0 0.0000
   0,0      0      0      0      0      0 0.0000
   0,0      0      0      1      0      0 0.0048
   0,0      0      0      0      0      0 0.0000
  -1,0      3      0      0      0      0 0.0151
   0,0      0      0      0      0      0 0.0000
   0,0      0      0      0      0      0 0.0000
   0,0      0      0      0      0      0 0.0000
  -1,0      0      0      0      0      2 0.0108
   0,0      0      0      0      0      0 0.0000
  -1,0      0      0      0      0      1 0.0055
  -1,0      1      0      0      0      1 0.0106
   0,0      0      0      0      0      0 0.0000
  -1,0      0      0      0      0      1 0.0053
   0,0      0      0      2      0      0 0.0097
   0,0      0      0      0      0      0 0.0000
   0,0      0      0      0      0      0 0.0000
   0,0      0      0      0      0      0 0.0000
  -1,0      1      0      0      0      0 0.0050
   0,0      0      0      0      0      0 0.0000
   0,0      0      0      1      0      0 0.0049
   0,0      0      0      0      0      0 0.0000
   0,0      0      0      0      0      0 0.0000
   0,0      0      0      1      0      0 0.0043
   0,0      0      0      1      0      0 0.0046
   0,0      0      0      0      0      0 0.0000
   0,0      0      0      2      0      0 0.0082
  -1,0      0      0      1      0      1 0.0085
  -1,0      1      0      1      0      0 0.0093
  -1,0      0      0      1      0      1 0.0089
   0,0      0      0      0      0      0 0.0000
   0,0      0      0      1      0      0 0.0042
   0,0      0      0      1      0      0 0.0045
   0,0      0      0      0      0      0 0.0000
   0,0      0      0      1      0      0 0.0047
   0,0      0      0      2      0      0 0.0092
   0,0      0      0      2      0      0 0.0095
   0,0      0      0      1      0      0 0.0049
   0,0      0      0      0      0      0 0.0000
  -1,0      0      0      0      0      1 0.0048
   0,0      0      0      0      0      0 0.0000
   0,0      0      0      1      0      0 0.0048
   0,0      0      0      1      0      0 0.0048
   0,0      0      0      0      0      0 0.0000
   0,0      0      0      1      0      0 0.0047
   0,0      0      0      0      0      0 0.0000
   0,0      0      0      1      0      0 0.0044
   0,0      0      0      0      0      0 0.0000
   0,0      0      0      1      0      0 0.0046
   0,0      0      0      0      0      0 0.0000
   0,0      0      0      1      0      0 0.0047
   0,0      0      0      0      0      0 0.0000
  -2,0      1      3      0      0      2 0.0275
  -1,0      0      0      1      0      1 0.0087
  -1,0      0      0      1      0      3 0.0165
   0,0      0      0      2      0      0 0.0088
   0,0      0      0      0      0      0 0.0000
   0,0      0      0      1      0      0 0.0043
  -1,0      2      0      1      0      1 0.0190
   0,0      0      0      1      0      0 0.0043
   0,0      0      0      0      0      0 0.0000
   0,0      0      0      0      0      0 0.0000
   0,0      0      0      0      0      0 0.0000
   0,0      0      0      0      0      0 0.0000
   0,0      0      0      0      0      0 0.0000
   0,0      0      0      0      0      0 0.0000
   0,0      0      0      0      0      0 0.0000
   0,0      0      0      0      0      0 0.0000
  -1,0      1      0      0      0      0 0.0046
  -1,0      1      0      0      0      0 0.0047
   0,0      0      0      0      0      0 0.0000
  -1,0      1      0      0      0      0 0.0047
   0,0      0      0      0      0      0 0.0000
   0,0      0      0      0      0      0 0.0000
   0,0      0      0      0      0      0 0.0000
   0,0      0      0      0      0      0 0.0000
   0,0      0      0      0      0      0 0.0000
   0,0      0      0      0      0      0 0.0000
   0,0      0      0      0      0      0 0.0000
   0,0      0      0      0      0      0 0.0000
   0,0      0      0      0      0      0 0.0000
   0,0      0      0      0      0      0 0.0000
   0,0      0      0      0      0      0 0.0000
   0,0      0      0      0      0      0 0.0000
   0,0      0      0      0      0      0 0.0000
   0,0      0      0      0      0      0 0.0000
   0,0      0      0      0      0      0 0.0000
   0,0      0      0      0      0      0 0.0000
   0,0      0      0      0      0      0 0.0000
   0,0      0      0      0      0      0 0.0000
  -1,0      1      0      0      0      0 0.0047
  -1,0      1      0      0      0      0 0.0050
  -1,0      1      0      0      0      0 0.0047
   0,0      0      0      0      0      0 0.0000
   0,0      0      0      0      0      0 0.0000
   0,0      0      0      0      0      0 0.0000
   0,0      0      0      0      0      0 0.0000
   0,0      0      0      0      0      0 0.0000
   0,0      0      0      0      0      0 0.0000
   0,0      0      0      0      0      0 0.0000
   0,0      0      0      0      0      0 0.0000
   0,0      0      0      0      0      0 0.0000
   0,0      0      0      0      0      0 0.0000
   0,0      0      0      0      0      0 0.0000
   0,0      0      0      0      0      0 0.0000
   0,0      0      0      0      0      0 0.0000
  -1,0      2      0      0      0      0 0.0086
   0,0      0      0      0      0      0 0.0000
   0,0      0      0      0      0      0 0.0000
   0,0      0      0      0      0      0 0.0000
   0,0      0      0      0      0      0 0.0000
  -1,0      1      0      0      0      0 0.0045
   0,0      0      0      0      0      0 0.0000
   0,0      0      0      0      0      0 0.0000
   0,0      0      0      0      0      0 0.0000
   0,0      0      0      0      0      0 0.0000
   0,0      0      0      0      0      0 0.0000
   0,0      0      0      0      0      0 0.0000
   0,0      0      0      0      0      0 0.0000
   0,0      0      0      0      0      0 0.0000
   0,0      0      0      0      0      0 0.0000
   0,0      0      0      0      0      0 0.0000
   0,0      0      0      0      0      0 0.0000
   0,0      0      0      0      0      0 0.0000
  -1,0      1      0      0      0      0 0.0043
   0,0      0      0      0      0      0 0.0000
   0,0      0      0      0      0      0 0.0000
   0,0      0      0      0      0      0 0.0000
   0,0      0      0      0      0      0 0.0000
   0,0      0      0      0      0      0 0.0000
   0,0      0      0      0      0      0 0.0000
   0,0      0      0      0      0      0 0.0000
   0,0      0      0      0      0      0 0.0000
   0,0      0      0      0      0      0 0.0000
   0,0      0      0      0      0      0 0.0000
   0,0      0      0      0      0      0 0.0000
   0,0      0      0      0      0      0 0.0000
   0,0      0      0      0      0      0 0.0000
   0,0      0      0      0      0      0 0.0000
   0,0      0      0      0      0      0 0.0000
   0,0      0      0      0      0      0 0.0000
   0,0      0      0      0      0      0 0.0000
   0,0      0      0      0      0      0 0.0000
   0,0      0      0      0      0      0 0.0000
   0,0      0      0      0      0      0 0.0000
   0,0      0      0      0      0      0 0.0000
   0,0      0      0      0      0      0 0.0000
   0,0      0      0      0      0      0 0.0000
   0,0      0      0      0      0      0 0.0000
   0,0      0      0      0      0      0 0.0000
   0,0      0      0      0      0      0 0.0000
   0,0      0      0      0      0      0 0.0000
   0,0      0      0      0      0      0 0.0000
  -1,0      1      0      0      0      0 0.0044
  -1,0      1      0      0      0      0 0.0041
   0,0      0      0      0      0      0 0.0000
   0,0      0      0      0      0      0 0.0000
   0,0      0      0      0      0      0 0.0000
  -1,0      1      0      0      0      0 0.0046
   0,0      0      0      0      0      0 0.0000
   0,0      0      0      0      0      0 0.0000
   0,0      0      0      0      0      0 0.0000
   0,0      0      0      0      0      0 0.0000
   0,0      0      0      0      0      0 0.0000
   0,0      0      0      0      0      0 0.0000
   0,0      0      0      0      0      0 0.0000
   0,0      0      0      0      0      0 0.0000
   0,0      0      0      0      0      0 0.0000
   0,0      0      0      0      0      0 0.0000
   0,0      0      0      0      0      0 0.0000
   0,0      0      0      0      0      0 0.0000
  -1,0      1      0      0      0      0 0.0046
   0,0      0      0      0      0      0 0.0000
   0,0      0      0      0      0      0 0.0000
   0,0      0      0      0      0      0 0.0000
  -1,0      1      0      0      0      0 0.0044
   0,0      0      0      0      0      0 0.0000
   0,0      0      0      0      0      0 0.0000
   0,0      0      0      0      0      0 0.0000
  -1,0      1      0      0      0      0 0.0052
   0,0      0      0      0      0      0 0.0000
   0,0      0      0      0      0      0 0.0000
  -1,0      1      0      0      0      0 0.0048
   0,0      0      0      0      0      0 0.0000
   0,0      0      0      0      0      0 0.0000
   0,0      0      0      0      0      0 0.0000
   0,0      0      0      0      0      0 0.0000
   0,0      0      0      0      0      0 0.0000
   0,0      0      0      0      0      0 0.0000
   0,0      0      0      0      0      0 0.0000
   0,0      0      0      0      0      0 0.0000
  -1,0      2      0      0      0      0 0.0095
   0,0      0      0      0      0      0 0.0000
   0,0      0      0      0      0      0 0.0000
   0,0      0      0      0      0      0 0.0000
   0,0      0      0      0      0      0 0.0000
   0,0      0      0      0      0      0 0.0000
   0,0      0      0      0      0      0 0.0000
   0,0      0      0      0      0      0 0.0000
   0,0      0      0      0      0      0 0.0000
   0,0      0      0      0      0      0 0.0000
   0,0      0      0      0      0      0 0.0000
   0,0      0      0      0      0      0 0.0000
   0,0      0      0      0      0      0 0.0000
  -1,0      1      0      0      0      0 0.0049
   0,0      0      0      0      0      0 0.0000
  -1,0      3      0      0      0      0 0.0146
   0,0      0      0      0      0      0 0.0000
   0,0      0      0      0      0      0 0.0000
   0,0      0      0      0      0      0 0.0000
   0,0      0      0      0      0      0 0.0000
   0,0      0      0      0      0      0 0.0000
   0,0      0      0      0      0      0 0.0000
  -1,0      3      0      0      0      0 0.0152
   0,0      0      0      0      0      0 0.0000
  -1,0      1      0      0      0      0 0.0050
   0,0      0      0      0      0      0 0.0000
   0,0      0      0      0      0      0 0.0000
   0,0      0      0      0      0      0 0.0000
  -1,0      3      0      0      0      0 0.0152
  -1,0      2      0      0      0      0 0.0100
   0,0      0      0      0      0      0 0.0000
   0,0      0      0      0      0      0 0.0000
  -1,0      1      0      0      0      0 0.0048
   0,0      0      0      0      0      0 0.0000
   0,0      0      0      0      0      0 0.0000
   0,0      0      0      0      0      0 0.0000
   0,0      0      0      0      0      0 0.0000
   0,0      0      0      0      0      0 0.0000
   0,0      0      0      0      0      0 0.0000
   0,0      0      0      0      0      0 0.0000
   0,0      0      0      0      0      0 0.0000
   0,0      0      0      0      0      0 0.0000
   0,0      0      0      0      0      0 0.0000
   0,0      0      0      0      0      0 0.0000
   0,0      0      0      0      0      0 0.0000
   0,0      0      0      0      0      0 0.0000
   0,0      0      0      0      0      0 0.0000
   0,0      0      0      0      0      0 0.0000
   0,1      1      0      0      0      0 0.0049
   0,0      0      0      0      0      0 0.0000
   0,0      0      0      0      0      0 0.0000
   0,0      0      0      0      0      0 0.0000
   0,0      0      0      0      0      0 0.0000
   0,0      0      0      0      0      0 0.0000
   0,0      0      0      0      0      0 0.0000
   0,0      0      0      0      0      0 0.0000
   0,0      0      0      0      0      0 0.0000
  -1,0      2      0      0      0      0 0.0092
  -1,0      2      0      0      0      0 0.0087
   0,0      0      0      0      0      0 0.0000
   0,0      0      0      0      0      0 0.0000
   0,0      0      0      0      0      0 0.0000
   0,0      0      0      0      0      0 0.0000
  -1,0      1      0      0      0      0 0.0046
   0,0      0      0      0      0      0 0.0000
   0,0      0      0      0      0      0 0.0000
   0,0      0      0      0      0      0 0.0000
   0,0      0      0      0      0      0 0.0000
   0,0      0      0      0      0      0 0.0000
   0,0      0      0      0      0      0 0.0000
   0,0      0      0      0      0      0 0.0000
  -1,0      1      0      0      0      0 0.0052
   0,0      0      0      0      0      0 0.0000
   0,0      0      0      0      0      0 0.0000
   0,0      0      0      0      0      0 0.0000
   0,0      0      0      0      0      0 0.0000
   0,0      0      0      0      0      0 0.0000
   0,0      0      0      0      0      0 0.0000
   0,0      0      0      0      0      0 0.0000
  -1,0      1      0      0      0      0 0.0042
   0,0      0      0      0      0      0 0.0000
  -1,0      1      0      0      0      0 0.0043
   0,0      0      0      0      0      0 0.0000
   0,0      0      0      0      0      0 0.0000
   0,0      0      0      0      0      0 0.0000
   0,0      0      0      0      0      0 0.0000
   0,0      0      0      0      0      0 0.0000
   0,0      0      0      0      0      0 0.0000
  -1,0      3      0      0      0      0 0.0119
   0,0      0      0      0      0      0 0.0000
   0,0      0      0      0      0      0 0.0000
   0,0      0      0      0      0      0 0.0000
  -1,0      1      0      0      0      0 0.0044
  -1,0      1      0      0      0      0 0.0045
   0,0      0      0      0      0      0 0.0000
   0,0      0      0      0      0      0 0.0000
   0,0      0      0      0      0      0 0.0000
   0,0      0      0      0      0      0 0.0000
   0,0      0      0      0      0      0 0.0000
   0,0      0      0      0      0      0 0.0000
   0,0      0      0      0      0      0 0.0000
   0,0      0      0      0      0      0 0.0000
   0,0      0      0      0      0      0 0.0000
   0,0      0      0      0      0      0 0.0000
   0,0      0      0      0      0      0 0.0000
   0,0      0      0      0      0      0 0.0000
   0,0      0      0      0      0      0 0.0000
   0,0      0      0      0      0      0 0.0000
   0,0      0      0      0      0      0 0.0000
  -1,0      4      0      0      0      0 0.0184
   0,0      0      0      0      0      0 0.0000
  -1,0      1      0      0      0      0 0.0047
  -1,0      2      0      0      0      0 0.0095
   0,0      0      0      0      0      0 0.0000
   0,0      0      0      0      0      0 0.0000
  -1,0      1      0      0      0      0 0.0048
   0,0      0      0      0      0      0 0.0000
  -1,0      1      0      0      0      0 0.0051
   0,0      0      0      0      0      0 0.0000
   0,0      0      0      0      0      0 0.0000
   0,0      0      0      0      0      0 0.0000
   0,0      0      0      0      0      0 0.0000
   0,0      0      0      0      0      0 0.0000
   0,0      0      0      0      0      0 0.0000
   0,0      0      0      0      0      0 0.0000
   0,0      0      0      0      0      0 0.0000
   0,0      0      0      0      0      0 0.0000
  -1,0      1      0      0      0      0 0.0048
   0,0      0      0      0      0      0 0.0000
   0,0      0      0      0      0      0 0.0000
   0,0      0      0      0      0      0 0.0000
   0,0      0      0      0      0      0 0.0000
   0,0      0      0      0      0      0 0.0000
   0,0      0      0      0      0      0 0.0000
   0,0      0      0      0      0      0 0.0000
  -1,0      1      0      0      0      0 0.0044
   0,0      0      0      0      0      0 0.0000
   0,0      0      0      0      0      0 0.0000
   0,0      0      0      0      0      0 0.0000
   0,0      0      0      0      0      0 0.0000
   0,0      0      0      0      0      0 0.0000
   0,0      0      0      0      0      0 0.0000
   0,0      0      0      0      0      0 0.0000
   0,0      0      0      0      0      0 0.0000
   0,0      0      0      0      0      0 0.0000
   0,0      0      0      0      0      0 0.0000
  -1,0      3      0      0      0      0 0.0134
   0,0      0      0      0      0      0 0.0000
   0,0      0      0      0      0      0 0.0000
   0,0      0      0      0      0      0 0.0000
  -1,0      1      0      0      0      0 0.0046
   0,0      0      0      0      0      0 0.0000
   0,0      0      0      0      0      0 0.0000
   0,0      0      0      0      0      0 0.0000
   0,0      0      0      0      0      0 0.0000
   0,0      0      0      0      0      0 0.0000
   0,0      0      0      0      0      0 0.0000
   0,0      0      0      0      0      0 0.0000
   0,1      1      0      0      0      0 0.0046
   0,0      0      0      0      0      0 0.0000
   0,0      0      0      0      0      0 0.0000
   0,0      0      0      0      0      0 0.0000
   0,0      0      0      0      0      0 0.0000
   0,0      0      0      0      0      0 0.0000
  -1,0      2      0      0      0      0 0.0088
   0,0      0      0      0      0      0 0.0000
   0,0      0      0      0      0      0 0.0000
   0,0      0      0      0      0      0 0.0000
   0,0      0      0      0      0      0 0.0000
   0,0      0      0      0      0      0 0.0000
   0,0      0      0      0      0      0 0.0000
   0,0      0      0      0      0      0 0.0000
  -1,0      1      0      0      0      0 0.0045
   0,0      0      0      0      0      0 0.0000
   0,0      0      0      0      0      0 0.0000
   0,0      0      0      0      0      0 0.0000
   0,0      0      0      0      0      0 0.0000
   0,0      0      0      0      0      0 0.0000
   0,0      0      0      0      0      0 0.0000
   0,0      0      0      0      0      0 0.0000
   0,0      0      0      0      0      0 0.0000
   0,0      0      0      0      0      0 0.0000
   0,0      0      0      0      0      0 0.0000
   0,0      0      0      0      0      0 0.0000
   0,0      0      0      0      0      0 0.0000
   0,0      0      0      0      0      0 0.0000
   0,0      0      0      0      0      0 0.0000
  -1,0      1      0      0      0      0 0.0050
   0,0      0      0      0      0      0 0.0000
   0,0      0      0      0      0      0 0.0000
   0,0      0      0      0      0      0 0.0000
   0,0      0      0      0      0      0 0.0000
   0,0      0      0      0      0      0 0.0000
  -1,1      2      0      0      0      0 0.0093
   0,0      0      0      0      0      0 0.0000
   0,0      0      0      0      0      0 0.0000
  -1,0      2      0      0      0      0 0.0109
   0,1      1      0      0      0      0 0.0045
   0,0      0      0      0      0      0 0.0000
   0,0      0      0      0      0      0 0.0000
   0,0      0      0      0      0      0 0.0000
   0,0      0      0      0      0      0 0.0000
   0,0      0      0      0      0      0 0.0000
   0,0      0      0      0      0      0 0.0000
   0,0      0      0      0      0      0 0.0000
   0,0      0      0      0      0      0 0.0000
   0,0      0      0      0      0      0 0.0000
   0,0      0      0      0      0      0 0.0000
   0,0      0      0      0      0      0 0.0000
   0,0      0      0      0      0      0 0.0000
   0,0      0      0      0      0      0 0.0000
   0,0      0      0      0      0      0 0.0000
   0,0      0      0      0      0      0 0.0000
   0,0      0      0      0      0      0 0.0000
   0,0      0      0      0      0      0 0.0000
   0,0      0      0      0      0      0 0.0000
   0,0      0      0      0      0      0 0.0000
   0,0      0      0      0      0      0 0.0000
   0,0      0      0      0      0      0 0.0000
   0,0      0      0      0      0      0 0.0000
   0,0      0      0      0      0      0 0.0000
   0,0      0      0      0      0      0 0.0000
   0,0      0      0      0      0      0 0.0000
   0,0      0      0      0      0      0 0.0000
   0,0      0      0      0      0      0 0.0000
  -1,0      2      0      0      0      0 0.0091
   0,0      0      0      0      0      0 0.0000
  -1,0      3      0      0      0      0 0.0140
  -1,0      1      0      0      0      0 0.0049
   0,0      0      0      0      0      0 0.0000
   0,0      0      0      0      0      0 0.0000
   0,0      0      0      0      0      0 0.0000
   0,0      0      0      0      0      0 0.0000
   0,0      0      0      0      0      0 0.0000
   0,0      0      0      0      0      0 0.0000
   0,0      0      0      0      0      0 0.0000
   0,0      0      0      0      0      0 0.0000
   0,0      0      0      0      0      0 0.0000
   0,0      0      0      0      0      0 0.0000
  -1,0      1      0      0      0      0 0.0047
  -1,0      3      0      0      0      0 0.0159
   0,0      0      0      0      0      0 0.0000
   0,0      0      0      0      0      0 0.0000
   0,0      0      0      0      0      0 0.0000
   0,0      0      0      0      0      0 0.0000
   0,0      0      0      0      0      0 0.0000
   0,0      0      0      0      0      0 0.0000
   0,0      0      0      0      0      0 0.0000
   0,0      0      0      0      0      0 0.0000
   0,0      0      0      0      0      0 0.0000
   0,0      0      0      0      0      0 0.0000
   0,0      0      0      0      0      0 0.0000
   0,0      0      0      0      0      0 0.0000
   0,0      0      0      0      0      0 0.0000
   0,0      0      0      0      0      0 0.0000
  -1,0      2      0      0      0      0 0.0093
   0,0      0      0      0      0      0 0.0000
   0,0      0      0      0      0      0 0.0000
   0,0      0      0      0      0      0 0.0000
   0,0      0      0      0      0      0 0.0000
   0,0      0      0      0      0      0 0.0000
   0,0      0      0      0      0      0 0.0000
   0,0      0      0      0      0      0 0.0000
  -1,0      3      0      0      0      0 0.0130
  -1,0      1      0      0      0      0 0.0045
   0,0      0      0      0      0      0 0.0000
   0,0      0      0      0      0      0 0.0000
   0,0      0      0      0      0      0 0.0000
  -1,0      3      0      0      0      0 0.0134
   0,0      0      0      0      0      0 0.0000
   0,0      0      0      0      0      0 0.0000
  -1,0      1      0      0      0      0 0.0049
   0,0      0      0      0      0      0 0.0000
  -1,0      1      0      0      0      0 0.0053
   0,0      0      0      0      0      0 0.0000
   0,0      0      0      0      0      0 0.0000
   0,0      0      0      0      0      0 0.0000
  -1,0      1      0      0      0      0 0.0048
   0,0      0      0      0      0      0 0.0000
   0,0      0      0      0      0      0 0.0000
   0,0      0      0      0      0      0 0.0000
   0,0      0      0      0      0      0 0.0000
   0,0      0      0      0      0      0 0.0000
   0,0      0      0      0      0      0 0.0000
   0,0      0      0      0      0      0 0.0000
   0,0      0      0      0      0      0 0.0000
   0,0      0      0      0      0      0 0.0000
   0,0      0      0      0      0      0 0.0000
   0,0      0      0      0      0      0 0.0000
   0,0      0      0      0      0      0 0.0000
   0,0      0      0      0      0      0 0.0000
   0,0      0      0      0      0      0 0.0000
  -1,0      1      0      0      0      0 0.0046
   0,0      0      0      0      0      0 0.0000
   0,0      0      0      0      0      0 0.0000
  -1,0      1      0      0      0      0 0.0050
   0,0      0      0      0      0      0 0.0000
   0,0      0      0      0      0      0 0.0000
   0,0      0      0      0      0      0 0.0000
  -1,0      1      0      0      0      0 0.0043
   0,0      0      0      0      0      0 0.0000
   0,0      0      0      0      0      0 0.0000
   0,0      0      0      0      0      0 0.0000
   0,0      0      0      0      0      0 0.0000
   0,0      0      0      0      0      0 0.0000
   0,0      0      0      0      0      0 0.0000
   0,0      0      0      0      0      0 0.0000
   0,0      0      0      0      0      0 0.0000
   0,0      0      0      0      0      0 0.0000
   0,0      0      0      0      0      0 0.0000
   0,0      0      0      0      0      0 0.0000
   0,0      0      0      0      0      0 0.0000
   0,0      0      0      0      0      0 0.0000
   0,0      0      0      0      0      0 0.0000
   0,0      0      0      0      0      0 0.0000
   0,0      0      0      0      0      0 0.0000
   0,0      0      0      0      0      0 0.0000
   0,0      0      0      0      0      0 0.0000
   0,0      0      0      0      0      0 0.0000
   0,0      0      0      0      0      0 0.0000
   0,0      0      0      0      0      0 0.0000
   0,0      0      0      0      0      0 0.0000
   0,0      0      0      0      0      0 0.0000
   0,0      0      0      0      0      0 0.0000
   0,0      0      0      0      0      0 0.0000
   0,0      0      0      0      0      0 0.0000
   0,0      0      0      0      0      0 0.0000
   0,0      0      0      0      0      0 0.0000
   0,0      0      0      0      0      0 0.0000
   0,0      0      0      0      0      0 0.0000
   0,0      0      0      0      0      0 0.0000
   0,0      0      0      0      0      0 0.0000
   0,0      0      0      0      0      0 0.0000
   0,0      0      0      0      0      0 0.0000
   0,0      0      0      0      0      0 0.0000
   0,0      0      0      0      0      0 0.0000
   0,0      0      0      0      0      0 0.0000
   0,0      0      0      0      0      0 0.0000
   0,0      0      0      0      0      0 0.0000
   0,0      0      0      0      0      0 0.0000
   0,0      0      0      0      0      0 0.0000
   0,0      0      0      1      0      0 0.0051
   0,0      0      0      0      0      0 0.0000
   0,0      0      0      0      0      0 0.0000
   0,0      0      0      1      0      0 0.0052
   0,0      0      0      1      0      0 0.0048
   0,0      0      0      1      0      0 0.0054
   0,0      0      0      1      0      0 0.0051
   0,0      0      0      0      0      0 0.0000
   0,0      0      0      0      0      0 0.0000
  -1,0      0      0      0      0      1 0.0053
   0,0      0      0      1      0      0 0.0048
   0,0      0      0      0      0      0 0.0000
  -1,0      0      0      0      0      1 0.0052
   0,0      0      0      1      0      0 0.0054
   0,0      0      0      1      0      0 0.0055
   0,0      0      0      0      0      0 0.0000
   0,0      0      0      1      0      0 0.0055
   0,0      0      0      0      0      0 0.0000
  -1,0      0      0      0      0      2 0.0103
   0,0      0      0      1      0      0 0.0050
   0,0      0      0      1      0      0 0.0045
  -1,0      0      0      1      0      1 0.0108
  -1,0      0      0      1      0      1 0.0101
   0,0      0      0      0      0      0 0.0000
   0,0      0      0      0      0      0 0.0000
   0,0      0      0      0      0      0 0.0000
  -1,0      0      0      0      0      2 0.0093
   0,0      0      0      0      0      0 0.0000
   0,0      0      0      0      0      0 0.0000
   0,0      0      0      0      0      0 0.0000
   0,0      0      0      0      0      0 0.0000
   0,0      0      0      0      0      0 0.0000
   0,0      0      0      0      0      0 0.0000
  -1,0      1      0      0      0      0 0.0048
   0,0      0      0      0      0      0 0.0000
   0,0      0      0      0      0      0 0.0000
   0,0      0      0      0      0      0 0.0000
   0,0      0      0      1      0      0 0.0051
  -1,0      0      0      0      0      1 0.0052
  -2,0      0      1      0      0      2 0.0160
   0,0      0      0      2      0      0 0.0104
   0,0      0      0      0      0      0 0.0000
   0,0      0      0      0      0      0 0.0000
   0,0      0      0      0      0      0 0.0000
  -1,0      0      0      2      0      2 0.0207
   0,0      0      0      1      0      0 0.0048
  -1,0      0      0      0      0      3 0.0141
   0,0      0      0      0      0      0 0.0000
  -1,0      0      0      0      0      1 0.0046
  -1,0      0      0      0      0      1 0.0048
   0,0      0      0      0      0      0 0.0000
   0,0      0      0      0      0      0 0.0000
   0,0      0      0      0      0      0 0.0000
  -1,0      0      0      0      0      1 0.0045
   0,0      0      0      0      0      0 0.0000
  -1,0      0      0      0      0      3 0.0138
  -1,0      0      0      1      0      1 0.0090
   0,0      0      0      0      0      0 0.0000
  -1,0      0      0      0      0      1 0.0043
   0,0      0      0      1      0      0 0.0049
   0,0      0      0      1      0      0 0.0046
  -1,0      0      0      0      0      1 0.0045
  -1,0      0      0      0      0      1 0.0046
  -1,0      0      0      0      0      1 0.0046
   0,0      0      0      0      0      0 0.0000
  -1,0      0      0      0      0      1 0.0049
   0,0      0      0      1      0      0 0.0048
   0,0      0      0      0      0      0 0.0000
   0,0      0      0      1      0      0 0.0044
   0,0      0      0      0      0      0 0.0000
   0,0      0      0      1      0      0 0.0043
   0,0      0      0      1      0      0 0.0043
   0,0      0      0      0      0      0 0.0000
   0,0      0      0      1      0      0 0.0042
   0,0      0      0      0      0      0 0.0000
   0,0      0      0      1      0      0 0.0049
  -1,0      0      0      1      0      1 0.0108
   0,0      0      0      0      0      0 0.0000
   0,0      0      0      0      0      0 0.0000
  -1,0      0      0      0      0      1 0.0049
   0,0      0      0      0      0      0 0.0000
   0,0      0      0      0      0      0 0.0000
   0,0      0      0      0      0      0 0.0000
  -1,0      0      0      0      0      1 0.0052
   0,0      0      0      1      0      0 0.0052
  -1,0      0      0      0      0      1 0.0055
  -1,0      0      0      0      0      1 0.0047
   0,0      0      0      1      0      0 0.0049
   0,0      0      0      0      0      0 0.0000
  -1,0      0      0      0      0      1 0.0054
   0,0      0      0      1      0      0 0.0049
   0,0      0      0      1      0      0 0.0044
  -1,0      0      0      0      0      2 0.0100
   0,0      0      0      1      0      0 0.0046
   0,0      0      0      0      0      0 0.0000
   0,0      0      0      1      0      0 0.0046
   0,0      0      0      0      0      0 0.0000
   0,0      0      0      1      0      0 0.0050
  -1,0      1      0      1      0      0 0.0090
   0,0      0      0      0      0      0 0.0000
   0,0      0      0      0      0      0 0.0000
   0,0      0      0      0      0      0 0.0000
   0,0      0      0      1      0      0 0.0044
   0,0      0      0      0      0      0 0.0000
   0,0      0      0      1      0      0 0.0047
   0,0      0      0      1      0      0 0.0046
   0,0      0      0      0      0      0 0.0000
   0,0      0      0      1      0      0 0.0046
   0,0      0      0      0      0      0 0.0000
  -1,0      3      0      0      0      0 0.0136
   0,0      0      0      0      0      0 0.0000
  -1,0      3      0      1      0      0 0.0186
  -1,0      2      0      1      0      0 0.0135
   0,0      0      0      0      0      0 0.0000
   0,0      0      0      0      0      0 0.0000
   0,0      0      0      0      0      0 0.0000
   0,0      0      0      0      0      0 0.0000
   0,0      0      0      1      0      0 0.0044
   0,0      0      0      1      0      0 0.0047
   0,0      0      0      2      0      0 0.0096
   0,0      0      0      1      0      0 0.0047
   0,0      0      0      1      0      0 0.0055
   0,0      0      0      0      0      0 0.0000
   0,0      0      0      0      0      0 0.0000
   0,0      0      0      0      0      0 0.0000
   0,0      0      0      0      0      0 0.0000
   0,0      0      0      0      0      0 0.0000
   0,0      0      0      1      0      0 0.0049
   0,0      0      0      0      0      0 0.0000
   0,0      0      0      0      0      0 0.0000
   0,0      0      0      0      0      0 0.0000
   0,0      0      0      0      0      0 0.0000
   0,0      0      0      0      0      0 0.0000
   0,0      0      0      0      0      0 0.0000
   0,0      0      0      0      0      0 0.0000
   0,0      0      0      0      0      0 0.0000
   0,0      0      0      0      0      0 0.0000
   0,0      0      0      0      0      0 0.0000
   0,0      0      0      0      0      0 0.0000
   0,0      0      0      0      0      0 0.0000
   0,0      0      0      0      0      0 0.0000
   0,0      0      0      0      0      0 0.0000
   0,0      0      0      0      0      0 0.0000
   0,0      0      0      0      0      0 0.0000
   0,0      0      0      0      0      0 0.0000
   0,0      0      0      0      0      0 0.0000
   0,0      0      0      0      0      0 0.0000
   0,0      0      0      0      0      0 0.0000
   0,0      0      0      0      0      0 0.0000
   0,0      0      0      0      0      0 0.0000
  -1,0      1      0      0      0      0 0.0041
   0,0      0      0      0      0      0 0.0000
   0,0      0      0      0      0      0 0.0000
   0,0      0      0      0      0      0 0.0000
   0,0      0      0      0      0      0 0.0000
   0,0      0      0      0      0      0 0.0000
   0,0      0      0      0      0      0 0.0000
   0,0      0      0      0      0      0 0.0000
   0,0      0      0      0      0      0 0.0000
  -1,0      1      0      0      0      0 0.0041
   0,0      0      0      0      0      0 0.0000
   0,0      0      0      0      0      0 0.0000
   0,0      0      0      0      0      0 0.0000
   0,0      0      0      0      0      0 0.0000
   0,0      0      0      0      0      0 0.0000
   0,0      0      0      0      0      0 0.0000
   0,0      0      0      0      0      0 0.0000
   0,0      0      0      0      0      0 0.0000
   0,0      0      0      0      0      0 0.0000
   0,0      0      0      0      0      0 0.0000
   0,0      0      0      0      0      0 0.0000
   0,0      0      0      0      0      0 0.0000
   0,0      0      0      0      0      0 0.0000
   0,0      0      0      0      0      0 0.0000
   0,0      0      0      0      0      0 0.0000
   0,0      0      0      0      0      0 0.0000
   0,0      0      0      0      0      0 0.0000
   0,0      0      0      0      0      0 0.0000
   0,0      0      0      0      0      0 0.0000
   0,0      0      0      0      0      0 0.0000
   0,0      0      0      0      0      0 0.0000
  -1,0      3      0      0      0      0 0.0141
  -1,0      2      0      0      0      0 0.0091
   0,0      0      0      0      0      0 0.0000
   0,0      0      0      0      0      0 0.0000
   0,0      0      0      0      0      0 0.0000
   0,0      0      0      0      0      0 0.0000
   0,0      0      0      0      0      0 0.0000
   0,0      0      0      0      0      0 0.0000
   0,0      0      0      0      0      0 0.0000
   0,0      0      0      0      0      0 0.0000
   0,0      0      0      0      0      0 0.0000
   0,0      0      0      0      0      0 0.0000
   0,0      0      0      0      0      0 0.0000
   0,0      0      0      0      0      0 0.0000
   0,0      0      0      0      0      0 0.0000
   0,0      0      0      0      0      0 0.0000
   0,0      0      0      0      0      0 0.0000
   0,0      0      0      0      0      0 0.0000
   0,0      0      0      0      0      0 0.0000
   0,0      0      0      0      0      0 0.0000
   0,0      0      0      0      0      0 0.0000
   0,0      0      0      0      0      0 0.0000
   0,0      0      0      0      0      0 0.0000
   0,0      0      0      0      0      0 0.0000
   0,0      0      0      0      0      0 0.0000
   0,0      0      0      0      0      0 0.0000
   0,0      0      0      0      0      0 0.0000
   0,0      0      0      0      0      0 0.0000
   0,0      0      0      0      0      0 0.0000
   0,0      0      0      0      0      0 0.0000
   0,0      0      0      0      0      0 0.0000
   0,0      0      0      0      0      0 0.0000
   0,0      0      0      0      0      0 0.0000
   0,0      0      0      0      0      0 0.0000
   0,0      0      0      0      0      0 0.0000
  -1,0      1      0      0      0      0 0.0047
   0,0      0      0      0      0      0 0.0000
   0,0      0      0      0      0      0 0.0000
   0,0      0      0      0      0      0 0.0000
   0,0      0      0      0      0      0 0.0000
   0,0      0      0      0      0      0 0.0000
   0,0      0      0      0      0      0 0.0000
   0,0      0      0      0      0      0 0.0000
   0,0      0      0      0      0      0 0.0000
   0,0      0      0      0      0      0 0.0000
   0,0      0      0      0      0      0 0.0000
   0,0      0      0      0      0      0 0.0000
   0,0      0      0      0      0      0 0.0000
   0,0      0      0      0      0      0 0.0000
   0,0      0      0      0      0      0 0.0000
   0,0      0      0      0      0      0 0.0000
   0,0      0      0      0      0      0 0.0000
   0,0      0      0      0      0      0 0.0000
  -1,0      1      0      0      0      0 0.0049
  -1,0      1      0      0      0      0 0.0046
  -1,0      1      0      0      0      0 0.0049
   0,0      0      0      0      0      0 0.0000
   0,0      0      0      0      0      0 0.0000
   0,0      0      0      0      0      0 0.0000
   0,0      0      0      0      0      0 0.0000
   0,0      0      0      0      0      0 0.0000
   0,0      0      0      0      0      0 0.0000
   0,0      0      0      0      0      0 0.0000
   0,0      0      0      0      0      0 0.0000
   0,0      0      0      0      0      0 0.0000
   0,0      0      0      0      0      0 0.0000
   0,0      0      0      0      0      0 0.0000
   0,0      0      0      0      0      0 0.0000
   0,0      0      0      0      0      0 0.0000
   0,0      0      0      0      0      0 0.0000
   0,0      0      0      0      0      0 0.0000
   0,0      0      0      0      0      0 0.0000
   0,0      0      0      0      0      0 0.0000
   0,0      0      0      0      0      0 0.0000
   0,0      0      0      0      0      0 0.0000
   0,0      0      0      0      0      0 0.0000
   0,0      0      0      0      0      0 0.0000
   0,0      0      0      0      0      0 0.0000
   0,0      0      0      0      0      0 0.0000
   0,0      0      0      0      0      0 0.0000
   0,0      0      0      0      0      0 0.0000
   0,0      0      0      0      0      0 0.0000
   0,0      0      0      0      0      0 0.0000
   0,0      0      0      0      0      0 0.0000
   0,0      0      0      0      0      0 0.0000
   0,0      0      0      0      0      0 0.0000
   0,0      0      0      0      0      0 0.0000
   0,0      0      0      0      0      0 0.0000
   0,0      0      0      0      0      0 0.0000
   0,0      0      0      0      0      0 0.0000
   0,0      0      0      0      0      0 0.0000
   0,0      0      0      0      0      0 0.0000
   0,0      0      0      0      0      0 0.0000
   0,0      0      0      0      0      0 0.0000
   0,0      0      0      0      0      0 0.0000
   0,0      0      0      0      0      0 0.0000
   0,0      0      0      0      0      0 0.0000
   0,0      0      0      0      0      0 0.0000
   0,0      0      0      0      0      0 0.0000
   0,0      0      0      0      0      0 0.0000
   0,0      0      0      0      0      0 0.0000
   0,0      0      0      0      0      0 0.0000
   0,0      0      0      0      0      0 0.0000
   0,0      0      0      0      0      0 0.0000
   0,0      0      0      0      0      0 0.0000
   0,0      0      0      0      0      0 0.0000
   0,0      0      0      0      0      0 0.0000
   0,0      0      0      0      0      0 0.0000
   0,0      0      0      0      0      0 0.0000
   0,0      0      0      0      0      0 0.0000
   0,0      0      0      0      0      0 0.0000
   0,0      0      0      0      0      0 0.0000
   0,0      0      0      0      0      0 0.0000
   0,0      0      0      0      0      0 0.0000
   0,0      0      0      0      0      0 0.0000
   0,0      0      0      0      0      0 0.0000
   0,0      0      0      0      0      0 0.0000
   0,0      0      0      0      0      0 0.0000
   0,0      0      0      0      0      0 0.0000
   0,0      0      0      0      0      0 0.0000
   0,0      0      0      0      0      0 0.0000
   0,0      0      0      0      0      0 0.0000
   0,0      0      0      0      0      0 0.0000
   0,0      0      0      0      0      0 0.0000
   0,0      0      0      0      0      0 0.0000
   0,0      0      0      0      0      0 0.0000
   0,0      0      0      0      0      0 0.0000
   0,0      0      0      0      0      0 0.0000
   0,0      0      0      0      0      0 0.0000
  -1,0      1      0      0      0      0 0.0041
   0,0      0      0      0      0      0 0.0000
   0,0      0      0      0      0      0 0.0000
   0,0      0      0      0      0      0 0.0000
   0,0      0      0      0      0      0 0.0000
   0,0      0      0      0      0      0 0.0000
   0,0      0      0      0      0      0 0.0000
   0,0      0      0      0      0      0 0.0000
   0,0      0      0      0      0      0 0.0000
   0,0      0      0      0      0      0 0.0000
   0,0      0      0      0      0      0 0.0000
   0,0      0      0      0      0      0 0.0000
   0,0      0      0      0      0      0 0.0000
   0,0      0      0      0      0      0 0.0000
   0,0      0      0      0      0      0 0.0000
   0,0      0      0      0      0      0 0.0000
   0,0      0      0      0      0      0 0.0000
   0,0      0      0      0      0      0 0.0000
   0,0      0      0      0      0      0 0.0000
   0,0      0      0      0      0      0 0.0000
   0,0      0      0      0      0      0 0.0000
  -1,0      1      0      0      0      0 0.0043
   0,0      0      0      0      0      0 0.0000
   0,0      0      0      0      0      0 0.0000
   0,0      0      0      0      0      0 0.0000
   0,0      0      0      0      0      0 0.0000
   0,0      0      0      0      0      0 0.0000
   0,0      0      0      0      0      0 0.0000
  -1,0      1      0      0      0      0 0.0045
   0,0      0      0      0      0      0 0.0000
   0,0      0      0      0      0      0 0.0000
   0,0      0      0      0      0      0 0.0000
   0,0      0      0      0      0      0 0.0000
   0,0      0      0      0      0      0 0.0000
   0,0      0      0      0      0      0 0.0000
   0,0      0      0      0      0      0 0.0000
   0,0      0      0      0      0      0 0.0000
   0,0      0      0      0      0      0 0.0000
   0,0      0      0      0      0      0 0.0000
   0,0      0      0      0      0      0 0.0000
   0,0      0      0      0      0      0 0.0000
   0,0      0      0      0      0      0 0.0000
   0,0      0      0      0      0      0 0.0000
   0,0      0      0      0      0      0 0.0000
   0,0      0      0      0      0      0 0.0000
   0,0      0      0      0      0      0 0.0000
   0,0      0      0      0      0      0 0.0000
   0,0      0      0      0      0      0 0.0000
   0,0      0      0      0      0      0 0.0000
   0,0      0      0      0      0      0 0.0000
   0,0      0      0      0      0      0 0.0000
   0,0      0      0      0      0      0 0.0000
   0,0      0      0      0      0      0 0.0000
   0,0      0      0      0      0      0 0.0000
  -1,0      0      0      0      0      1 0.0045
   0,0      0      0      0      0      0 0.0000
   0,0      0      0      0      0      0 0.0000
   0,0      0      0      0      0      0 0.0000
   0,0      0      0      0      0      0 0.0000
   0,0      0      0      0      0      0 0.0000
   0,0      0      0      0      0      0 0.0000
   0,0      0      0      0      0      0 0.0000
   0,0      0      0      0      0      0 0.0000
  -1,0      0      0      0      0      1 0.0048
   0,0      0      0      0      0      0 0.0000
   0,0      0      0      0      0      0 0.0000
   0,0      0      0      0      0      0 0.0000
   0,0      0      0      0      0      0 0.0000
   0,0      0      0      0      0      0 0.0000
   0,0      0      0      0      0      0 0.0000
  -1,0      0      0      0      0      1 0.0046
   0,0      0      0      0      0      0 0.0000
   0,0      0      0      1      0      0 0.0043
   0,0      0      0      1      0      0 0.0048
  -1,0      0      0      0      0      1 0.0047
   0,0      0      0      1      0      0 0.0047
   0,0      0      0      0      0      0 0.0000
   0,0      0      0      1      0      0 0.0051
   0,0      0      0      0      0      0 0.0000
   0,0      0      0      0      0      0 0.0000
   0,0      0      0      2      0      0 0.0097
   0,0      0      0      2      0      0 0.0097
   0,0      0      0      2      0      0 0.0090
   0,0      0      0      0      0      0 0.0000
   0,0      0      0      0      0      0 0.0000
   0,0      0      0      1      0      0 0.0044
   0,0      0      0      1      0      0 0.0048
  -1,0      1      0      1      0      3 0.0239
  -1,0      0      0      1      0      3 0.0194
  -1,0      0      0      0      0      3 0.0139
   0,0      0      0      2      0      0 0.0091
  -1,0      0      0      0      0      1 0.0049
   0,0      0      0      2      0      0 0.0090
   0,0      0      0      0      0      0 0.0000
   0,0      0      0      2      0      0 0.0095
   0,0      0      0      0      0      0 0.0000
  -1,0      0      0      0      0      1 0.0046
  -1,0      1      0      0      0      3 0.0195
   0,0      0      0      0      0      0 0.0000
   0,0      0      0      0      0      0 0.0000
   0,0      0      0      0      0      0 0.0000
  -1,0      0      0      0      0      1 0.0047
  -1,0      1      0      0      0      0 0.0049
   0,0      0      0      0      0      0 0.0000
  -1,0      0      0      0      0      2 0.0092
