# G1: Gain entanglement and not switch chirality (e.g. 0 to 1)
# G2: Gain entanglement and switch chirality (e.g. -1 to 2)
# G3: Lose entanglement and not switch chirality (e.g. -2 to -1)
# G4: Lose entanglement and switch chirality (e.g. -2 to 1)
# G5: Only switch chirality (e.g. -1 to 1)
# fGtot: Total number of change of entanglement / Total number of native contacts in this structure
# Total native contact: 409
 max_g     G1     G2     G3     G4     G5  fGtot
  -1,1      7      0      4      0      0 0.0480
  -1,1      9      0      2      0      0 0.0493
  -1,1      9      0      1      0      0 0.0448
  -1,1      6      0      6      0      0 0.0515
  -1,1      6      0      3      0      0 0.0378
   0,1      3      0      1      0      0 0.0167
   0,0      0      0      6      0      0 0.0273
   0,1      4      0      5      0      0 0.0402
   0,1      5      0      2      0      0 0.0347
   0,1      2      0      1      0      0 0.0127
  -1,1      2      0      2      0      0 0.0183
   0,1      3      0      0      0      0 0.0140
   0,1      2      0      1      0      0 0.0134
   0,1      2      0      1      0      0 0.0136
   0,1      4      0      1      0      0 0.0233
   0,1      6      0      2      0      0 0.0370
  -1,1      4      0      2      0      0 0.0275
  -1,1      4      0      3      0      0 0.0297
   0,1      3      0      4      0      0 0.0286
  -1,1      5      0      6      0      0 0.0542
   0,1      4      0      5      0      0 0.0413
   0,1      4      0      4      0      0 0.0340
   0,1      4      0      1      0      0 0.0222
   0,1      2      0      1      0      0 0.0141
   0,1      2      0      2      0      0 0.0172
  -1,1      7      0      2      0      0 0.0405
  -1,1      3      0      1      0      0 0.0171
  -1,1      7      0      6      0      0 0.0537
   0,1      5      0      6      0      0 0.0493
   0,1      6      0      4      0      0 0.0465
   0,1      6      0      1      0      0 0.0317
   0,1      7      0      4      0      0 0.0512
   0,1      6      0      2      0      0 0.0359
   0,1      7      0      0      0      0 0.0312
  -1,0      1      0      4      0      0 0.0236
   0,1      8      0      5      0      0 0.0544
  -1,1      7      0      1      0      0 0.0351
  -1,1     11      0      3      0      0 0.0593
   0,1     12      0      3      0      0 0.0638
   0,1     10      0      3      0      0 0.0631
   0,1     18      0      2      0      0 0.0851
  -1,1     10      0      2      0      0 0.0502
   0,1     14      0      3      0      0 0.0720
   0,1     13      0      1      0      0 0.0601
   0,1      7      0      1      0      0 0.0359
  -1,1     11      0      5      0      0 0.0721
  -1,1     11      0      4      0      0 0.0649
   0,1      8      0      5      0      0 0.0588
  -1,1     13      0      2      0      0 0.0673
   0,1     14      0      1      0      0 0.0655
   0,1     13      0      1      0      0 0.0601
  -1,1     14      0      2      0      0 0.0758
  -1,1     13      0      2      0      0 0.0655
  -1,1     16      0      2      0      0 0.0789
  -1,1     15      0      1      0      0 0.0724
   0,1     12      0      1      0      0 0.0565
  -1,1     17      0      2      0      0 0.0826
  -1,1     22      0      1      0      0 0.1004
  -1,1     11      0      1      0      0 0.0569
  -1,1     12      0      3      0      0 0.0652
   0,1      6      0      1      0      0 0.0333
  -1,1     13      0      3      0      0 0.0741
   0,1     15      0      1      0      0 0.0711
   0,1      7      0      1      0      0 0.0367
  -1,1     11      0      1      0      0 0.0538
   0,1     12      0      3      0      0 0.0679
  -1,1     15      0      2      0      0 0.0749
  -1,1     13      0      3      0      0 0.0656
  -1,1     20      0      4      0      0 0.1021
  -1,1     15      0      3      0      0 0.0800
  -1,1     14      0      4      0      0 0.0800
  -1,1     13      0      4      0      0 0.0776
  -1,1     14      0      1      0      0 0.0694
  -1,1     12      0      3      0      0 0.0685
   0,1     10      0      3      0      0 0.0573
  -1,1     12      0      3      0      0 0.0682
   0,1      7      0      4      0      0 0.0489
   0,1      2      0      6      0      0 0.0370
   0,1     12      0      3      0      0 0.0676
   0,1      9      0      1      0      0 0.0508
   0,1     14      0      1      0      0 0.0682
   0,1     11      0      3      0      0 0.0631
   0,1     13      0      0      0      0 0.0605
   0,1     12      0      1      0      0 0.0602
   0,1     11      0      0      0      0 0.0502
   0,1     13      0      4      0      0 0.0736
   0,1      9      0      3      0      0 0.0536
   0,1      7      0      1      0      0 0.0369
   0,1      6      0      3      0      0 0.0405
  -1,1     12      0      5      0      0 0.0746
  -1,1      8      0      3      0      0 0.0462
  -1,1     11      0      3      0      0 0.0588
  -1,1      7      0      2      0      0 0.0405
  -1,1      5      0      7      0      0 0.0517
  -1,0      3      0      3      0      0 0.0271
  -1,1      5      0      1      0      0 0.0264
  -1,1      4      0      2      0      0 0.0255
  -1,1      3      0      2      0      0 0.0205
   0,1      2      0      1      0      0 0.0133
   0,0      0      0      0      0      0 0.0000
  -1,0      1      0      3      0      0 0.0192
   0,0      0      0      1      0      0 0.0044
   0,0      0      0      1      0      0 0.0045
   0,0      0      0      1      0      0 0.0047
  -1,0      2      0      2      0      0 0.0185
  -1,1     14      0      3      0      0 0.0762
   0,1      9      0      4      0      0 0.0563
   0,1      9      0      2      0      0 0.0480
  -1,1     12      0      1      0      0 0.0542
   0,1     10      0      4      0      0 0.0588
   0,1      7      0      4      0      0 0.0456
   0,1     11      0      1      0      0 0.0511
  -1,1     15      0      3      0      0 0.0744
   0,1      7      0      2      0      0 0.0375
   0,1     13      0      3      0      0 0.0721
   0,1      8      0      1      0      0 0.0390
   0,1      9      0      2      0      0 0.0524
   0,1      9      0      0      0      0 0.0425
   0,1     10      0      0      0      0 0.0467
   0,1     12      0      2      0      0 0.0645
  -1,1      3      0      1      0      0 0.0187
  -1,1      4      0      4      0      0 0.0356
  -1,0      2      0      3      0      0 0.0223
  -1,0      1      0      1      0      0 0.0088
   0,0      0      0      2      0      0 0.0087
  -1,0      1      0      1      0      0 0.0086
  -1,0      1      0      1      0      0 0.0089
  -1,0      2      0      3      0      0 0.0220
  -1,0      1      0      2      0      0 0.0130
   0,0      0      0      3      0      0 0.0128
  -1,0      2      0      3      0      0 0.0218
   0,1      3      0      0      0      0 0.0136
  -1,1      3      0      2      0      0 0.0220
   0,1      6      0      3      0      0 0.0395
   0,1      2      0      3      0      0 0.0218
  -1,0      2      0      4      0      0 0.0269
  -1,1      4      0      4      0      0 0.0379
   0,1      4      0      1      0      0 0.0244
   0,1      6      0      1      0      0 0.0326
   0,1      4      0      1      0      0 0.0245
   0,1      4      0      1      0      0 0.0219
   0,1      3      0      1      0      0 0.0190
  -1,1      4      0      4      0      0 0.0343
   0,0      0      0      2      0      0 0.0089
  -1,0      2      0      2      0      0 0.0179
  -1,0      2      0      4      0      0 0.0265
  -1,0      2      0      1      0      0 0.0140
   0,0      0      0      3      0      0 0.0129
  -1,1      2      0      4      0      0 0.0274
  -1,0      3      0      3      0      0 0.0265
  -1,0      3      0      3      0      0 0.0287
  -1,0      2      0      0      0      0 0.0080
  -1,0      3      0      3      0      0 0.0256
   0,0      0      0      5      0      0 0.0207
  -1,0      1      0      2      0      0 0.0130
   0,1      2      0      1      0      0 0.0139
  -1,1      8      0      3      0      0 0.0458
   0,1      5      0      2      0      0 0.0300
   0,1      4      0      2      0      0 0.0263
   0,0      0      0      2      0      0 0.0090
  -1,0      1      0      2      0      0 0.0128
  -1,1      5      0      2      0      0 0.0311
  -1,1      2      0      4      0      0 0.0248
   0,1      2      0      2      0      0 0.0166
   0,1      6      0      1      0      0 0.0324
  -1,1      5      0      2      0      0 0.0314
  -1,1      3      0      1      0      0 0.0177
   0,0      0      0      2      0      0 0.0098
   0,0      0      0      2      0      0 0.0088
  -1,0      1      0      3      0      0 0.0173
   0,1      7      0      2      0      0 0.0419
   0,1      4      0      4      0      0 0.0362
  -1,1      5      0      2      0      0 0.0330
  -1,1      5      0      1      0      0 0.0273
  -1,0      1      0      1      0      0 0.0101
   0,0      0      0      1      0      0 0.0052
  -1,0      2      0      2      0      0 0.0194
   0,0      0      0      3      0      0 0.0144
   0,1      6      0      1      0      0 0.0318
  -1,0      1      0      2      0      0 0.0154
   0,0      0      0      1      0      0 0.0051
   0,0      0      0      1      0      0 0.0051
  -1,0      1      0      3      0      0 0.0190
   0,1      6      0      1      0      0 0.0318
   0,1      4      0      2      0      0 0.0270
   0,1      4      0      2      0      0 0.0282
   0,1      6      0      4      0      0 0.0457
   0,1      9      0      1      0      0 0.0481
   0,1      3      0      1      0      0 0.0191
   0,1      6      0      1      0      0 0.0332
   0,1      4      0      0      0      0 0.0179
   0,1      5      0      0      0      0 0.0221
   0,0      0      0      2      0      0 0.0091
  -1,0      1      0      6      0      0 0.0299
   0,1      1      0      2      0      0 0.0126
  -1,0      3      0      4      0      0 0.0295
  -1,1      4      0      3      0      0 0.0286
  -1,0      1      0      1      0      0 0.0096
  -1,1      7      0      2      0      0 0.0398
   0,0      0      0      1      0      0 0.0041
  -1,0      3      0      3      0      0 0.0265
  -1,1      3      0      1      0      0 0.0179
  -1,1     10      0      3      0      0 0.0546
  -1,1      8      0      3      0      0 0.0451
  -1,1      8      0      5      0      0 0.0551
  -1,0      2      0      2      0      0 0.0167
   0,0      0      0      1      0      0 0.0044
  -1,1     10      0      4      0      0 0.0593
   0,1      5      0      1      0      0 0.0261
   0,1      2      0      1      0      0 0.0130
   0,1      9      0      0      0      0 0.0404
   0,1      7      0      1      0      0 0.0364
   0,1     10      0      3      0      0 0.0556
   0,1      5      0      2      0      0 0.0311
  -1,1      5      0      3      0      0 0.0349
   0,1      3      0      2      0      0 0.0221
   0,1      3      0      1      0      0 0.0174
  -1,1      3      0      4      0      0 0.0306
   0,1      3      0      3      0      0 0.0282
   0,1      3      0      2      0      0 0.0226
   0,0      0      0      5      0      0 0.0229
   0,1      1      0      3      0      0 0.0190
   0,1      1      0      3      0      0 0.0192
  -1,0      1      0      1      0      0 0.0090
  -1,1      6      0      1      0      0 0.0323
  -1,1      6      0      3      0      0 0.0435
  -1,0      2      0      2      0      0 0.0182
  -1,0      2      0      0      0      0 0.0089
   0,0      0      0      2      0      0 0.0091
  -1,0      3      0      2      0      0 0.0228
  -1,0      2      0      3      0      0 0.0214
  -1,0      2      0      5      0      0 0.0303
  -1,0      1      0      2      0      0 0.0133
  -1,0      5      0      3      0      0 0.0345
   0,1      3      0      4      0      0 0.0304
  -1,1      6      0      5      0      0 0.0468
   0,0      0      0      3      0      0 0.0130
  -1,0      1      0      5      0      0 0.0269
  -1,0      3      0      3      0      0 0.0269
  -1,0      3      0      4      0      0 0.0298
   0,1      1      0      2      0      0 0.0130
  -1,0      2      0      3      0      0 0.0220
  -1,0      4      0      4      0      0 0.0340
  -1,0      3      0      2      0      0 0.0234
  -1,0      1      0      1      0      0 0.0085
   0,0      0      0      3      0      0 0.0128
  -1,0      4      0      2      0      0 0.0270
  -1,1      2      0      1      0      0 0.0143
  -1,0      2      0      4      0      0 0.0262
  -1,0      2      0      3      0      0 0.0212
  -1,0      3      0      1      0      0 0.0198
   0,0      0      0      1      0      0 0.0046
   0,1      4      0      2      0      0 0.0263
   0,1     11      0      1      0      0 0.0517
   0,1      8      0      2      0      0 0.0439
   0,1      6      0      1      0      0 0.0332
   0,0      0      0      0      0      0 0.0000
  -1,1      5      0      1      0      0 0.0268
   0,1      3      0      1      0      0 0.0182
   0,1      5      0      1      0      0 0.0275
   0,1      5      0      2      0      0 0.0311
  -1,1      6      0      3      0      0 0.0388
   0,1      3      0      1      0      0 0.0176
   0,1      2      0      4      0      0 0.0253
   0,1      4      0      1      0      0 0.0218
  -1,1      4      0      5      0      0 0.0390
   0,1      2      0      2      0      0 0.0172
   0,1      2      0      1      0      0 0.0132
   0,0      0      0      4      0      0 0.0173
  -1,0      2      0      0      0      0 0.0092
  -1,0      4      0      1      0      0 0.0223
  -1,0      2      0      4      0      0 0.0247
   0,0      0      0      3      0      0 0.0138
  -1,0      1      0      3      0      0 0.0165
   0,0      0      0      1      0      0 0.0046
   0,0      0      0      1      0      0 0.0045
   0,0      0      0      1      0      0 0.0046
  -1,0      1      0      3      0      0 0.0179
   0,0      0      0      2      0      0 0.0090
   0,0      0      0      2      0      0 0.0093
   0,0      0      0      3      0      0 0.0134
  -1,0      1      0      3      0      0 0.0175
   0,1      2      0      3      0      0 0.0230
  -1,0      2      0      2      0      0 0.0183
   0,0      0      0      1      0      0 0.0048
  -1,1      4      0      5      0      0 0.0380
  -1,0      3      0      1      0      0 0.0172
  -1,0      2      0      1      0      0 0.0136
  -1,1      3      0      4      0      0 0.0311
  -2,1      5      0      2      0      0 0.0320
   0,1      2      0      4      0      0 0.0294
   0,1      3      0      4      0      0 0.0332
   0,0      0      0      1      0      0 0.0050
   0,0      0      0      1      0      0 0.0047
   0,0      0      0      2      0      0 0.0090
   0,0      0      0      1      0      0 0.0045
   0,0      0      0      2      0      0 0.0092
   0,0      0      0      2      0      0 0.0102
   0,1      2      0      4      0      0 0.0279
  -1,0      1      0      3      0      0 0.0199
   0,0      0      0      3      0      0 0.0146
   0,0      0      0      2      0      0 0.0097
  -1,0      2      0      2      0      0 0.0184
  -1,0      2      0      3      0      0 0.0225
   0,0      0      0      1      0      0 0.0045
   0,0      0      0      2      0      0 0.0101
   0,1      6      0      2      0      0 0.0370
  -1,1      7      0      1      0      0 0.0348
  -1,1     14      0      1      0      0 0.0691
   0,1     11      0      0      0      0 0.0487
  -1,1     13      0      2      0      0 0.0667
   0,1     12      0      1      0      0 0.0628
   0,1      9      0      0      0      0 0.0391
   0,1      9      0      3      0      0 0.0496
   0,1      6      0      2      0      0 0.0365
   0,1     10      0      1      0      0 0.0495
  -1,1     12      0      1      0      0 0.0628
  -1,1     15      0      4      0      0 0.0812
   0,1     14      0      2      0      0 0.0727
   0,1      7      0      3      0      0 0.0442
  -1,1      9      0      4      0      0 0.0583
   0,1      9      0      3      0      0 0.0543
   0,1      9      0      1      0      0 0.0448
   0,1      5      0      6      0      0 0.0547
   0,1      6      0      2      0      0 0.0430
   0,1      5      0      2      0      0 0.0359
   0,1     12      0      2      0      0 0.0654
   0,1      6      0      4      0      0 0.0463
  -1,1      7      0      4      0      1 0.0538
  -1,1      5      0      4      0      0 0.0409
   0,1     12      0      4      0      0 0.0705
   0,1     12      0      2      0      0 0.0636
  -1,1     10      0      1      0      0 0.0542
   0,1      8      0      1      0      0 0.0437
   0,1     10      0      1      0      0 0.0531
   0,1      8      0      1      0      0 0.0411
   0,1      7      0      4      0      0 0.0505
   0,1      7      0      3      0      0 0.0441
  -1,1     13      0      2      0      0 0.0647
  -1,1     12      0      4      0      0 0.0690
  -1,1      4      0      2      0      0 0.0278
  -1,1     14      0      5      0      0 0.0830
   0,1     10      0      1      0      0 0.0539
   0,1     13      0      1      0      0 0.0718
   0,1     13      0      2      0      0 0.0698
  -1,1     15      0      3      0      0 0.0829
  -1,1     16      0      1      0      0 0.0759
  -1,1     17      0      1      0      0 0.0773
  -1,1     19      0      4      0      0 0.1004
  -1,1     16      0      3      0      0 0.0852
  -1,1     12      0      2      0      0 0.0633
  -1,1     12      0      1      0      0 0.0602
  -1,1     17      0      4      0      0 0.0909
  -1,1     11      0      2      0      0 0.0570
  -1,1     13      0      3      0      0 0.0699
  -1,1     14      0      1      0      0 0.0682
  -1,1     10      0      4      0      0 0.0614
  -1,1     15      0      6      0      0 0.0882
  -1,1     14      0      1      0      0 0.0682
   0,1      9      0      0      0      0 0.0433
  -1,1     11      0      1      0      0 0.0566
  -1,1     16      0      2      0      0 0.0822
  -1,1     15      0      4      0      0 0.0868
   0,1     12      0      3      0      0 0.0667
  -1,1     14      0      2      0      0 0.0708
   0,1     12      0      2      0      0 0.0583
  -1,1     17      0      3      0      0 0.0847
   0,1      8      0      1      0      0 0.0409
   0,1      8      0      4      0      0 0.0533
  -1,1      8      0      3      0      0 0.0478
   0,1      7      0      4      0      0 0.0478
   0,1      9      0      3      0      0 0.0558
   0,1      7      0      1      0      0 0.0381
   0,1     10      0      1      0      0 0.0474
  -1,1      7      0      3      0      1 0.0474
   0,1     10      0      2      0      0 0.0536
  -1,1     16      0      1      0      0 0.0733
  -1,1     16      0      3      0      0 0.0776
  -1,1     16      0      3      0      0 0.0848
  -1,1     12      0      2      0      0 0.0642
   0,1      7      0      0      0      0 0.0338
  -1,1      6      0      3      0      0 0.0419
  -1,1     14      0      1      0      0 0.0670
  -1,1     12      0      3      0      0 0.0630
  -1,1     11      0      4      0      0 0.0630
  -1,1     12      0      3      0      0 0.0636
   0,0      0      0      3      0      0 0.0140
  -1,0      2      0      4      0      0 0.0275
  -1,0      3      0      3      0      0 0.0267
   0,1      2      0      3      0      0 0.0250
  -1,0      2      0      2      0      0 0.0177
  -1,0      2      0      1      0      0 0.0138
  -1,0      2      0      2      0      0 0.0179
  -1,0      1      0      5      0      0 0.0288
  -1,0      2      0      3      0      0 0.0223
  -1,0      2      0      3      0      0 0.0211
   0,1      9      0      1      0      0 0.0426
  -1,1      7      0      4      0      0 0.0468
  -1,1      9      0      6      0      0 0.0649
  -1,1     12      0      3      0      0 0.0633
  -1,1     13      0      4      0      0 0.0726
  -1,0      2      0      1      0      0 0.0132
   0,1      2      0      2      0      0 0.0169
   0,1      2      0      2      0      0 0.0178
   0,1      1      0      2      0      0 0.0135
  -1,1      7      0      1      0      0 0.0357
  -1,1      6      0      3      0      0 0.0409
  -1,1      6      0      2      0      0 0.0356
  -1,1      4      0      1      0      0 0.0237
  -1,0      4      0      4      0      0 0.0354
  -1,1      9      0      3      0      0 0.0515
   0,1      5      0      1      0      0 0.0299
  -1,1      8      0      1      0      0 0.0409
   0,1      7      0      1      0      0 0.0364
  -1,1      9      0      3      0      0 0.0543
   0,1      9      0      2      0      0 0.0509
   0,1      7      0      4      0      0 0.0485
  -1,1      8      0      4      0      0 0.0515
   0,1      2      0      0      0      0 0.0085
   0,1     11      0      1      0      0 0.0502
  -1,1      8      0      4      0      0 0.0545
  -1,1      3      0      4      0      0 0.0317
   0,1      6      0      3      0      0 0.0388
   0,1     12      0      5      0      0 0.0714
  -1,1     20      0      3      0      0 0.0970
   0,1     12      0      3      0      0 0.0652
   0,1     10      0      3      0      0 0.0586
  -1,1     12      0      4      0      0 0.0705
  -1,1     10      0      3      0      0 0.0565
   0,1      6      0      2      0      0 0.0360
   0,1      7      0      1      0      0 0.0345
  -1,1      9      0      2      0      0 0.0500
  -1,1      5      0      1      0      0 0.0275
   0,0      0      0      1      0      0 0.0048
  -1,1      4      0      3      0      0 0.0312
  -1,1      9      0      3      0      0 0.0531
  -1,1     14      0      6      0      0 0.0844
  -1,1     13      0      2      0      0 0.0698
  -1,1     11      0      1      0      0 0.0561
  -1,1     11      0      1      0      0 0.0541
  -1,1     13      0      3      0      0 0.0693
  -1,1      7      0      2      0      0 0.0400
  -1,1      6      0      1      0      0 0.0337
   0,1      3      0      1      0      0 0.0198
  -1,1      7      0      2      0      0 0.0404
  -1,1     10      0      3      0      0 0.0583
  -1,0      2      0      3      0      0 0.0240
  -1,1     11      0      5      0      0 0.0645
  -1,1     18      0      2      0      0 0.0855
   0,1      5      0      0      0      0 0.0214
   0,1      2      0      2      0      0 0.0176
  -1,1      8      0      6      0      0 0.0639
  -1,1      8      0      2      0      0 0.0478
  -1,1      9      0      6      0      0 0.0661
  -1,1      6      0      1      0      0 0.0317
  -1,1      4      0      4      0      0 0.0346
   0,1      3      0      2      0      0 0.0231
  -1,1      3      0      3      0      0 0.0279
  -1,1      2      0      3      0      0 0.0244
   0,1      2      0      2      0      0 0.0201
  -2,1      8      0      4      0      0 0.0550
   0,1      6      0      1      0      0 0.0317
   0,1      5      0      2      0      0 0.0327
  -1,1     10      0      1      0      0 0.0500
   0,1      5      0      1      0      0 0.0261
  -1,1      8      0      3      0      0 0.0487
  -1,1     11      0      1      0      0 0.0519
  -1,1      5      0      1      0      0 0.0278
  -1,1      8      0      5      0      0 0.0605
   0,1      7      0      2      0      0 0.0431
  -1,1      8      0      2      0      0 0.0461
  -1,1     12      0      4      0      0 0.0678
  -1,1     11      0      3      0      0 0.0664
  -1,1      9      0      2      0      0 0.0466
  -1,1      8      0      0      0      0 0.0367
   0,1     10      0      1      0      0 0.0495
  -1,1      9      0      0      0      0 0.0423
   0,1      7      0      1      0      0 0.0338
   0,1     15      0      0      0      0 0.0647
   0,1     19      0      0      0      0 0.0841
  -1,1     17      0      1      0      0 0.0814
   0,1     10      0      1      0      0 0.0498
   0,1     13      0      1      0      0 0.0625
  -1,1      9      0      1      0      0 0.0485
  -1,1     19      0      2      0      0 0.0938
   0,1     13      0      3      0      0 0.0699
  -1,1     14      0      1      0      0 0.0670
  -1,1     12      0      5      0      0 0.0752
  -1,0      3      0      2      0      0 0.0249
  -1,0      2      0      2      0      0 0.0196
  -1,0      3      0      3      0      0 0.0287
  -1,0      2      0      2      0      0 0.0198
  -1,0      2      0      3      0      0 0.0246
  -1,0      3      0      4      0      0 0.0317
  -1,0      2      0      0      0      0 0.0095
   0,1     12      0      4      0      0 0.0684
   0,1     10      0      2      0      0 0.0533
  -1,1     17      0      3      0      0 0.0873
  -1,1     15      0      2      0      0 0.0700
  -1,1     20      0      6      0      0 0.1106
  -1,1     17      0      2      0      0 0.0779
  -1,1     12      0      5      0      0 0.0730
  -1,1     17      0      3      0      0 0.0844
  -1,1     11      0      5      0      0 0.0741
  -1,1     15      0      3      0      0 0.0826
  -1,1     13      0      3      0      0 0.0717
  -1,1     10      0      3      0      0 0.0568
  -1,1     14      0      2      0      0 0.0702
  -1,1      5      0      2      0      0 0.0315
  -1,1     12      0      1      0      0 0.0563
  -1,1     14      0      5      0      0 0.0792
  -1,1     12      0      2      0      0 0.0667
  -1,1     14      0      3      0      0 0.0749
   0,1     14      0      1      0      0 0.0652
   0,1      7      0      2      0      0 0.0404
  -1,1     15      0      0      0      0 0.0679
   0,1      4      0      1      0      0 0.0224
   0,0      0      0      1      0      0 0.0048
  -1,1      5      0      4      0      0 0.0407
  -1,1      3      0      2      0      0 0.0216
  -1,1      4      0      2      0      0 0.0267
  -1,0      1      0      3      0      0 0.0166
  -1,0      2      0      0      0      0 0.0095
   0,0      0      0      1      0      0 0.0049
  -1,1      8      0      2      0      0 0.0422
   0,1      6      0      3      0      0 0.0411
   0,1      7      0      3      0      0 0.0435
   0,1     10      0      0      0      0 0.0500
   0,1      8      0      1      0      0 0.0429
   0,1      2      0      4      0      0 0.0286
   0,1      8      0      1      0      0 0.0405
   0,1      1      0      4      0      0 0.0249
   0,1      4      0      1      0      0 0.0234
   0,1      5      0      5      0      0 0.0431
   0,1      3      0      2      0      0 0.0216
   0,1      7      0      3      0      0 0.0433
   0,1      8      0      1      0      0 0.0413
   0,1     11      0      3      0      0 0.0614
   0,1     15      0      4      0      0 0.0826
  -1,1     12      0      6      0      0 0.0750
   0,1     13      0      5      0      0 0.0818
  -1,1     10      0      3      0      0 0.0565
   0,0      0      0      3      0      0 0.0125
   0,0      0      0      4      0      0 0.0182
   0,0      0      0      1      0      0 0.0044
  -1,1      7      0      4      0      0 0.0464
  -1,0      3      0      3      0      0 0.0254
  -1,0      2      0      3      0      0 0.0228
   0,0      0      0      4      0      0 0.0185
  -1,0      2      0      0      0      0 0.0086
   0,0      0      0      2      0      0 0.0090
   0,1      4      0      2      0      0 0.0267
  -1,1      4      0      4      0      0 0.0342
  -1,0      3      0      1      0      0 0.0180
   0,0      0      0      1      0      0 0.0041
  -1,0      2      0      2      0      0 0.0175
  -1,0      2      0      3      0      0 0.0225
   0,0      0      0      1      0      0 0.0043
   0,0      0      0      1      0      0 0.0043
  -1,0      2      0      3      0      0 0.0214
   0,0      0      0      2      0      0 0.0087
  -1,0      2      0      1      0      0 0.0138
  -1,0      2      0      3      0      0 0.0220
  -1,0      1      0      2      0      0 0.0145
   0,0      0      0      1      0      0 0.0042
  -1,1      4      0      1      0      0 0.0234
   0,0      0      0      1      0      0 0.0042
  -1,1      7      0      1      0      0 0.0340
   0,0      0      0      2      0      0 0.0088
   0,0      0      0      1      0      0 0.0047
  -1,0      1      0      3      0      0 0.0174
   0,0      0      0      1      0      0 0.0049
   0,0      0      0      1      0      0 0.0050
   0,0      0      0      0      0      0 0.0000
  -1,1      7      0      4      0      0 0.0464
   0,1      6      0      4      0      0 0.0412
   0,1      4      0      1      0      0 0.0231
   0,1      8      0      1      0      0 0.0393
   0,1     11      0      1      0      0 0.0515
  -1,1      9      0      7      0      0 0.0687
   0,1     10      0      5      0      0 0.0620
   0,1      7      0      3      0      0 0.0439
   0,1      9      0      5      0      0 0.0593
   0,1      6      0      4      0      0 0.0442
   0,1      7      0      1      0      0 0.0377
   0,1      7      0      3      0      0 0.0426
   0,1      8      0      1      0      0 0.0423
   0,1     17      0      2      0      0 0.0819
   0,1     17      0      1      0      0 0.0811
  -1,1     13      0      3      0      0 0.0727
  -1,1     15      0      3      0      0 0.0783
  -1,1     16      0      1      0      0 0.0714
  -1,1      6      0      4      0      0 0.0439
  -1,1     11      0      3      0      0 0.0598
  -1,1      9      0      2      0      0 0.0498
  -1,1      9      0      0      0      0 0.0396
  -1,1     14      0      3      0      0 0.0736
  -1,1     16      0      3      0      0 0.0788
  -1,1      7      0      3      0      0 0.0450
   0,1      8      0      2      0      0 0.0441
  -1,1     17      0      2      0      0 0.0837
  -1,1     14      0      1      0      0 0.0649
  -1,1     14      0      2      0      0 0.0708
  -1,1     14      0      4      0      0 0.0779
  -1,1     18      0      3      0      0 0.0929
  -1,1     21      0      1      0      0 0.0948
  -1,1      9      0      2      0      0 0.0485
  -1,1      8      0      0      0      0 0.0376
  -1,1      7      0      0      0      0 0.0318
   0,1      4      0      0      0      0 0.0196
  -1,1      8      0      2      0      0 0.0452
  -1,1      7      0      3      0      0 0.0459
   0,1      5      0      5      0      0 0.0465
   0,1      5      0      2      0      0 0.0343
  -1,1      8      0      5      0      0 0.0607
  -1,1      5      0      2      0      0 0.0333
  -1,1      6      0      2      0      0 0.0360
  -1,1      2      0      3      0      0 0.0227
   0,1      1      0      0      0      0 0.0047
   0,1      5      0      2      0      0 0.0338
  -1,1      4      0      3      0      0 0.0311
  -1,1      5      0      4      0      0 0.0404
  -1,1      3      0      5      0      0 0.0360
   0,1      7      0      4      0      0 0.0458
   0,1      3      0      1      0      0 0.0181
   0,0      0      0      1      0      0 0.0046
   0,1      1      0      0      0      0 0.0044
   0,0      0      0      1      0      0 0.0048
   0,0      0      0      1      0      0 0.0049
  -1,0      1      0      2      0      0 0.0157
  -1,0      1      0      3      0      0 0.0180
   0,0      0      0      1      0      0 0.0051
   0,0      0      0      4      0      0 0.0179
  -1,0      3      0      4      0      0 0.0320
   0,0      0      0      0      0      0 0.0000
   0,1      1      0      3      0      0 0.0185
   0,1      2      0      3      0      0 0.0237
  -1,0      5      0      4      0      0 0.0378
   0,0      0      0      3      0      0 0.0140
  -2,0      1      0      3      0      0 0.0190
   0,0      0      0      5      0      0 0.0213
  -1,0      1      0      4      0      0 0.0222
   0,0      0      0      3      0      0 0.0144
  -1,1      5      0      4      0      0 0.0395
  -1,1      8      0      5      0      0 0.0570
   0,1      5      0      4      0      0 0.0413
  -1,0      3      0      2      0      0 0.0246
   0,0      0      0      4      0      0 0.0188
   0,0      0      0      1      0      0 0.0046
  -1,0      1      0      1      0      0 0.0092
  -1,0      1      0      3      0      0 0.0176
   0,0      0      0      1      0      0 0.0048
  -1,0      2      0      3      0      0 0.0230
  -1,0      1      0      2      0      0 0.0149
   0,0      0      0      2      0      0 0.0104
  -1,0      2      0      5      0      0 0.0326
   0,0      0      0      1      0      0 0.0048
   0,0      0      0      1      0      0 0.0046
  -1,0      2      0      3      0      0 0.0237
  -1,0      2      0      2      0      0 0.0188
  -1,0      3      0      5      0      0 0.0406
   0,0      0      0      3      0      0 0.0151
  -1,0      2      0      0      0      0 0.0096
   0,0      0      0      3      0      0 0.0139
   0,1      1      0      4      0      0 0.0240
  -1,0      1      0      5      0      0 0.0291
   0,0      0      0      2      0      0 0.0103
   0,1      4      0      1      0      0 0.0225
   0,1      4      0      2      0      0 0.0278
   0,0      0      0      2      0      0 0.0098
   0,0      0      0      2      0      0 0.0097
   0,0      0      0      1      0      0 0.0049
   0,1      1      0      0      0      0 0.0045
   0,1      2      0      2      0      0 0.0173
   0,0      0      0      0      0      0 0.0000
   0,0      0      0      2      0      0 0.0096
  -1,0      1      0      4      0      0 0.0233
  -1,0      4      0      1      0      0 0.0250
   0,0      0      0      3      0      0 0.0132
   0,1      2      0      3      0      0 0.0229
  -1,0      1      0      2      0      0 0.0132
  -1,1      4      0      1      0      0 0.0229
  -1,1      4      0      1      0      0 0.0221
  -1,1     15      0      4      0      0 0.0823
  -1,0      3      0      3      0      0 0.0258
   0,0      0      0      1      0      0 0.0051
   0,1      3      0      5      0      0 0.0360
  -1,0      3      0      2      0      0 0.0221
   0,0      0      0      2      0      0 0.0090
  -1,0      4      0      3      0      0 0.0324
  -1,0      1      0      1      0      0 0.0093
  -1,1      4      0      0      0      0 0.0172
   0,1      7      0      3      0      0 0.0461
   0,1      7      0      1      0      0 0.0367
   0,0      0      0      1      0      0 0.0045
   0,1      8      0      2      0      0 0.0472
   0,1      2      0      2      0      0 0.0181
  -1,1      5      0      1      0      0 0.0276
  -1,1      6      0      5      0      0 0.0468
  -1,1      3      0      5      0      0 0.0333
   0,1      8      0      1      0      0 0.0405
   0,1      8      0      3      0      0 0.0476
   0,1     11      0      5      0      0 0.0678
   0,1     10      0      0      0      0 0.0444
  -1,1      6      0      0      0      0 0.0291
  -1,1      6      0      1      0      0 0.0315
   0,1      7      0      5      0      0 0.0538
  -1,1      9      0      1      0      0 0.0442
   0,1     12      0      5      0      0 0.0726
  -1,1      5      0      1      0      0 0.0264
  -1,1      4      0      0      0      0 0.0182
   0,1      3      0      1      0      0 0.0178
   0,1      3      0      3      0      0 0.0265
   0,1      8      0      4      0      0 0.0519
   0,1      4      0      4      0      0 0.0360
   0,1      7      0      5      0      0 0.0531
   0,1     11      0      6      0      0 0.0749
   0,1      7      0      3      0      0 0.0465
   0,1      6      0      1      0      0 0.0308
  -1,1      7      0      1      0      0 0.0359
   0,1      5      0      3      0      0 0.0340
   0,1      6      0      4      0      0 0.0435
  -1,1      9      0      5      0      0 0.0596
   0,1      5      0      5      0      0 0.0459
   0,1      4      0      0      0      0 0.0185
   0,0      0      0      0      0      0 0.0000
   0,1      2      0      3      0      0 0.0226
   0,1      4      0      1      0      0 0.0223
  -1,1      4      0      2      0      0 0.0263
  -1,1      5      0      2      0      0 0.0295
  -1,0      1      0      4      0      0 0.0216
  -1,0      3      0      2      0      0 0.0225
  -1,0      2      0      0      0      0 0.0087
  -1,0      2      0      3      0      0 0.0211
  -1,0      3      0      2      0      0 0.0216
  -1,0      3      0      1      0      0 0.0175
   0,0      0      0      3      0      0 0.0127
  -1,0      3      0      2      0      0 0.0227
   0,0      0      0      2      0      0 0.0092
   0,0      0      0      1      0      0 0.0048
   0,0      0      0      1      0      0 0.0044
   0,1      1      0      0      0      0 0.0045
  -1,0      1      0      1      0      0 0.0093
  -1,0      2      0      1      0      0 0.0136
  -1,0      1      0      2      0      0 0.0138
   0,0      0      0      3      0      0 0.0136
   0,0      0      0      1      0      0 0.0044
  -1,1      2      0      5      0      0 0.0302
  -1,0      1      0      3      0      0 0.0175
   0,1      1      0      2      0      0 0.0134
  -1,0      2      0      2      0      0 0.0177
  -1,0      1      0      4      0      0 0.0219
  -1,0      2      0      2      0      0 0.0172
   0,0      0      0      3      0      0 0.0135
   0,1      6      0      3      0      0 0.0402
  -1,0      2      0      3      0      0 0.0240
   0,1      2      0      4      0      0 0.0275
  -1,0      2      0      2      0      0 0.0186
  -1,1      3      0      2      0      0 0.0233
  -1,0      3      0      2      0      0 0.0253
  -1,0      2      0      0      0      0 0.0096
  -1,0      4      0      1      0      0 0.0229
  -1,0      1      0      0      0      0 0.0048
   0,1      2      0      6      0      0 0.0362
  -1,1      3      0      3      0      0 0.0264
   0,1     11      0      4      0      0 0.0667
  -1,1     10      0      0      0      0 0.0439
  -1,1     10      0      4      0      0 0.0645
  -1,1     11      0      2      0      0 0.0556
   0,1      9      0      2      0      0 0.0476
  -1,1     12      0      3      0      0 0.0622
  -1,1      3      0      1      0      0 0.0180
  -1,1      4      0      3      0      0 0.0314
   0,0      0      0      1      0      0 0.0050
  -1,0      2      0      3      0      0 0.0230
   0,0      0      0      1      0      0 0.0045
  -1,0      2      0      5      0      0 0.0290
  -1,0      2      0      1      0      0 0.0130
  -1,0      2      0      2      0      0 0.0191
  -1,0      3      0      2      0      0 0.0218
  -1,0      2      0      1      0      0 0.0150
  -1,0      2      0      2      0      0 0.0179
  -1,1      5      0      2      0      0 0.0321
  -1,0      2      0      2      0      0 0.0180
  -1,0      3      0      7      0      0 0.0418
  -1,0      2      0      1      0      0 0.0143
  -1,1      6      0      3      0      0 0.0390
  -1,1      8      0      1      0      0 0.0396
  -1,1     10      0      0      0      0 0.0420
  -1,1     11      0      7      0      0 0.0741
  -1,1      7      0      2      0      0 0.0409
  -1,1     13      0      2      0      0 0.0698
  -1,0      2      0      1      0      0 0.0138
  -1,0      2      0      4      0      0 0.0252
  -1,0      2      0      0      0      0 0.0095
  -1,0      2      0      1      0      0 0.0129
  -1,0      3      0      2      0      0 0.0229
  -1,0      3      0      0      0      0 0.0132
  -1,0      2      0      0      0      0 0.0094
  -1,0      2      0      0      0      0 0.0092
  -1,0      4      0      3      0      0 0.0308
  -1,0      2      0      2      0      0 0.0178
  -1,0      3      0      1      0      0 0.0183
  -1,1      6      0      3      0      0 0.0395
   0,0      0      0      1      0      0 0.0046
  -1,1      2      0      1      0      0 0.0140
  -1,0      2      0      1      0      0 0.0152
  -1,0      2      0      0      0      0 0.0086
  -1,0      2      0      1      0      0 0.0131
   0,1      2      0      1      0      0 0.0137
  -1,0      1      0      2      0      0 0.0139
  -1,0      2      0      3      0      0 0.0258
  -1,0      1      0      0      0      0 0.0047
  -1,0      2      0      1      0      0 0.0154
  -1,0      2      0      1      0      0 0.0138
   0,0      0      0      1      0      0 0.0048
   0,0      0      0      1      0      0 0.0049
  -1,0      2      0      2      0      0 0.0191
  -1,0      2      0      0      0      0 0.0099
   0,0      0      0      1      0      0 0.0046
  -1,1      3      0      2      0      0 0.0237
   0,1      2      0      1      0      0 0.0137
   0,1      6      0      1      0      0 0.0312
  -1,1      6      0      0      0      0 0.0283
   0,1     11      0      1      0      0 0.0524
   0,1     18      0      0      0      0 0.0783
  -1,1      7      0      1      0      0 0.0376
   0,1      9      0      1      0      0 0.0457
  -1,1     12      0      2      0      0 0.0614
  -1,1     12      0      2      0      0 0.0581
  -1,1     16      0      2      0      0 0.0796
   0,1     14      0      1      0      0 0.0644
  -1,1      7      0      0      0      0 0.0311
  -1,1      8      0      1      0      0 0.0411
  -1,0      2      0      0      0      0 0.0088
  -1,0      4      0      0      0      0 0.0185
  -1,1     11      0      2      0      0 0.0563
   0,1      9      0      4      0      0 0.0594
   0,1      7      0      4      0      0 0.0456
   0,1      6      0      3      0      0 0.0400
  -1,1     10      0      6      0      0 0.0669
   0,1     14      0      3      0      0 0.0726
   0,1      6      0      4      0      0 0.0435
  -1,1     13      0      4      0      0 0.0752
   0,1     10      0      4      0      0 0.0657
   0,1      7      0      5      0      0 0.0588
  -1,1      7      0      1      0      0 0.0348
   0,1      8      0      4      0      0 0.0543
  -1,1     17      0      1      0      0 0.0829
   0,1     13      0      2      0      0 0.0694
  -1,1     10      0      4      0      0 0.0639
   0,1     14      0      5      0      0 0.0884
  -1,1     11      0      5      0      0 0.0741
   0,1      7      0      4      0      0 0.0476
  -1,1     16      0      3      0      0 0.0852
   0,1      8      0      1      0      0 0.0419
   0,1     11      0      6      0      0 0.0733
   0,1      7      0      2      0      0 0.0411
   0,1      7      0      3      0      0 0.0452
   0,1      6      0      5      0      0 0.0500
  -1,1      7      0      5      0      0 0.0538
  -1,1      7      0      2      0      0 0.0443
  -1,1      6      0      4      0      0 0.0442
   0,1      4      0      1      0      0 0.0228
  -1,1      7      0      2      0      0 0.0395
   0,1      6      0      4      0      0 0.0457
   0,1     11      0      2      0      0 0.0605
  -1,1      7      0      4      0      1 0.0536
   0,1      7      0      1      0      0 0.0335
   0,1      6      0      5      0      0 0.0456
   0,1      3      0      0      0      0 0.0136
   0,1      8      0      4      0      0 0.0524
   0,1      7      0      4      0      0 0.0460
   0,1      9      0      3      0      0 0.0498
  -1,1      6      0      4      0      0 0.0495
   0,1      6      0      2      0      0 0.0372
   0,1      4      0      5      0      0 0.0429
   0,1      3      0      2      0      0 0.0245
  -1,1      7      0      6      0      0 0.0599
  -1,1      4      0      2      0      0 0.0273
   0,1      7      0      5      0      0 0.0543
  -1,0      2      0      3      0      0 0.0209
   0,0      0      0      3      0      0 0.0129
   0,0      0      0      2      0      0 0.0095
  -1,0      2      0      2      0      0 0.0168
  -1,0      1      0      1      0      0 0.0090
   0,0      0      0      5      0      0 0.0218
   0,0      0      0      1      0      0 0.0048
  -1,0      4      0      3      0      0 0.0300
   0,1      7      0      5      0      0 0.0492
  -1,1     15      0      3      0      0 0.0729
  -1,1      9      0      3      0      0 0.0490
   0,1      6      0      4      0      0 0.0427
  -1,1      7      0      3      0      0 0.0444
  -1,1     11      0      6      0      0 0.0762
   0,1      7      0      4      0      0 0.0519
  -1,1      4      0      1      0      0 0.0219
  -1,1      5      0      5      0      0 0.0431
  -1,1      6      0      1      0      0 0.0317
  -1,0      2      0      5      0      0 0.0297
  -1,1      4      0      1      0      0 0.0242
  -1,1      9      0      4      0      0 0.0549
  -1,1      9      0      3      0      0 0.0511
   0,1      4      0      2      0      0 0.0271
   0,1      1      0      1      0      0 0.0095
  -1,1      4      0      1      0      0 0.0213
   0,1      2      0      0      0      0 0.0090
  -1,0      2      0      1      0      0 0.0134
   0,1      7      0      1      0      0 0.0357
   0,1      8      0      1      0      0 0.0400
   0,1      9      0      2      0      0 0.0460
   0,1      4      0      2      0      0 0.0260
  -1,1      6      0      1      0      0 0.0304
   0,1      6      0      5      0      0 0.0470
   0,1      5      0      5      0      0 0.0452
  -1,1      8      0      3      0      0 0.0487
   0,1      7      0      2      0      0 0.0377
   0,1      6      0      1      0      0 0.0308
   0,1      5      0      3      0      0 0.0351
  -1,0      3      0      3      0      0 0.0259
  -1,1      2      0      1      0      0 0.0131
   0,1      2      0      1      0      0 0.0128
   0,1      4      0      3      0      0 0.0294
   0,0      0      0      1      0      0 0.0045
   0,0      0      0      1      0      0 0.0044
   0,0      0      0      1      0      0 0.0047
   0,0      0      0      5      0      0 0.0223
   0,0      0      0      5      0      0 0.0216
   0,1      1      0      4      0      0 0.0223
   0,0      0      0      3      0      0 0.0133
   0,1      3      0      1      0      0 0.0183
   0,0      0      0      1      0      0 0.0045
  -1,0      1      0      2      0      0 0.0133
  -1,0      2      0      1      0      0 0.0144
  -1,0      4      0      3      0      0 0.0290
   0,0      0      0      4      0      0 0.0172
  -1,0      2      0      2      0      0 0.0175
  -1,0      2      0      2      0      0 0.0175
   0,0      0      0      3      0      0 0.0133
  -1,0      1      0      5      0      0 0.0261
  -1,0      1      0      6      0      0 0.0332
   0,0      0      0      1      0      0 0.0048
  -1,0      3      0      2      0      0 0.0235
  -1,0      1      0      4      0      0 0.0225
  -1,0      1      0      5      0      0 0.0269
   0,0      0      0      4      0      0 0.0180
  -1,0      1      0      5      0      0 0.0271
  -1,0      1      0      2      0      0 0.0136
  -1,1      4      0      5      0      0 0.0386
   0,0      0      0      1      0      0 0.0045
  -1,1      3      0      1      0      0 0.0177
  -1,0      2      0      2      0      0 0.0182
   0,0      0      0      0      0      0 0.0000
   0,0      0      0      0      0      0 0.0000
   0,0      0      0      1      0      0 0.0045
   0,0      0      0      1      0      0 0.0043
  -1,1      2      0      4      0      0 0.0256
   0,0      0      0      0      0      0 0.0000
  -1,1      6      0      1      0      0 0.0317
   0,1      2      0      4      0      0 0.0263
  -1,1      3      0      3      0      0 0.0255
  -1,0      1      0      4      0      0 0.0220
  -2,0      1      0      4      0      1 0.0296
  -1,0      3      0      2      0      0 0.0221
  -1,0      1      0      2      0      0 0.0142
  -1,0      3      0      3      0      0 0.0249
   0,1      2      0      1      0      0 0.0126
   0,1      2      0      1      0      0 0.0134
   0,1      1      0      1      0      0 0.0086
  -1,1      4      0      2      0      0 0.0264
  -1,1      4      0      4      0      0 0.0345
   0,1      3      0      1      0      0 0.0169
  -1,1      5      0      4      0      0 0.0386
  -1,1      8      0      3      0      0 0.0519
   0,1      7      0      1      0      0 0.0390
   0,1      1      0      0      0      0 0.0043
   0,0      0      0      4      0      0 0.0180
   0,0      0      0      5      0      0 0.0212
  -1,0      3      0      2      0      0 0.0216
  -1,0      4      0      4      0      0 0.0319
  -1,0      2      0      2      0      0 0.0175
   0,1      3      0      6      0      0 0.0395
   0,1      3      0      1      0      0 0.0172
   0,1      4      0      3      0      0 0.0323
   0,1      2      0      1      0      0 0.0132
   0,1      6      0      4      0      0 0.0455
  -1,1      4      0      0      0      0 0.0186
   0,1      2      0      1      0      0 0.0130
   0,1      2      0      2      0      0 0.0173
   0,1      2      0      1      0      0 0.0139
  -1,1      5      0      3      0      0 0.0339
   0,1      2      0      4      0      0 0.0274
   0,0      0      0      1      0      0 0.0044
  -1,1      6      0      3      0      0 0.0404
  -1,1      5      0      3      0      0 0.0370
  -1,1      3      0      1      0      0 0.0172
  -1,0      1      0      5      0      0 0.0271
   0,1      1      0      1      0      0 0.0090
  -1,1      8      0      4      0      0 0.0508
  -1,0      3      0      3      0      0 0.0262
  -1,0      3      0      5      0      0 0.0333
  -1,0      3      0      2      0      0 0.0207
  -1,0      2      0      2      0      0 0.0180
   0,1      3      0      1      0      0 0.0179
   0,0      0      0      2      0      0 0.0088
  -1,0      1      0      4      0      0 0.0208
   0,0      0      0      2      0      0 0.0088
  -1,0      2      0      5      0      0 0.0293
   0,0      0      0      3      0      0 0.0133
  -1,0      3      0      3      0      0 0.0255
  -1,0      1      0      3      0      0 0.0180
   0,0      0      0      2      0      0 0.0090
  -1,0      2      0      0      0      0 0.0089
   0,1      7      0      5      0      0 0.0498
   0,0      0      0      1      0      0 0.0046
   0,0      0      0      3      0      0 0.0146
  -1,0      1      0      5      0      0 0.0262
  -1,0      1      0      3      0      0 0.0186
   0,0      0      0      2      0      0 0.0082
  -1,1      3      0      3      0      0 0.0250
  -1,0      2      0      5      0      0 0.0292
  -1,0      2      0      2      0      0 0.0175
   0,1      1      0      4      0      0 0.0220
   0,0      0      0      3      0      0 0.0134
  -1,0      1      0      4      0      0 0.0224
   0,0      0      0      4      0      0 0.0188
  -1,0      1      0      5      0      0 0.0269
   0,1      7      0      4      0      0 0.0470
   0,0      0      0      4      0      0 0.0183
  -1,1      4      0      5      0      0 0.0400
   0,1      2      0      1      0      0 0.0141
   0,1      3      0      5      0      0 0.0346
  -1,0      3      0      2      0      0 0.0216
  -1,0      4      0      4      0      0 0.0365
  -1,0      2      0      1      0      0 0.0155
   0,1      2      0      2      0      0 0.0196
  -1,1      5      0      1      0      0 0.0290
   0,0      0      0      2      0      0 0.0101
   0,0      0      0      1      0      0 0.0047
  -1,0      2      0      1      0      0 0.0135
  -1,0      2      0      0      0      0 0.0093
   0,0      0      0      1      0      0 0.0048
   0,0      0      0      2      0      0 0.0093
   0,1      6      0      0      0      0 0.0293
   0,1      8      0      1      0      0 0.0391
  -1,1      3      0      3      0      0 0.0282
   0,1      6      0      3      0      0 0.0404
   0,0      0      0      1      0      0 0.0047
   0,0      0      0      4      0      0 0.0185
   0,0      0      0      2      0      0 0.0095
   0,0      0      0      1      0      0 0.0049
   0,0      0      0      2      0      0 0.0092
   0,0      0      0      5      0      0 0.0224
  -1,0      2      0      1      0      0 0.0132
   0,0      0      0      2      0      0 0.0094
  -1,0      2      0      5      0      0 0.0289
  -1,0      1      0      5      0      0 0.0260
  -1,1      4      0      2      0      0 0.0252
   0,1      3      0      2      0      0 0.0225
  -1,1      3      0      3      0      0 0.0259
  -1,1      3      0      0      0      0 0.0132
   0,1      3      0      4      0      0 0.0299
  -1,0      1      0      2      0      0 0.0128
  -1,0      1      0      1      0      0 0.0087
  -1,0      1      0      4      0      0 0.0225
   0,0      0      0      0      0      0 0.0000
  -1,0      2      0      5      0      0 0.0299
   0,1      9      0      4      0      0 0.0563
   0,1      4      0      2      0      0 0.0282
  -1,1     11      0      1      0      0 0.0515
   0,1     10      0      1      0      0 0.0460
   0,1      6      0      1      0      0 0.0311
   0,1      5      0      3      0      0 0.0374
   0,1      3      0      1      0      0 0.0171
   0,1      3      0      1      0      0 0.0181
  -1,1      7      0      4      0      0 0.0456
  -1,0      1      0      4      0      0 0.0228
  -1,0      3      0      4      0      0 0.0292
  -1,1      6      0      4      0      0 0.0410
  -1,1      6      0      3      0      0 0.0393
   0,1      6      0      4      0      0 0.0463
   0,1      6      0      3      0      0 0.0390
   0,1      5      0      2      0      0 0.0310
  -1,1      4      0      4      0      0 0.0379
   0,1      6      0      3      0      0 0.0411
   0,1      5      0      2      0      0 0.0318
   0,0      0      0      1      0      0 0.0046
   0,1      2      0      4      0      0 0.0271
   0,1      6      0      0      0      0 0.0294
   0,1      6      0      0      0      0 0.0274
   0,1      5      0      0      0      0 0.0251
   0,1      2      0      2      0      0 0.0193
   0,1      4      0      3      0      0 0.0306
   0,1      4      0      0      0      0 0.0190
   0,1      4      0      0      0      0 0.0187
   0,1      4      0      1      0      0 0.0250
   0,1      3      0      0      0      0 0.0140
   0,1      5      0      2      0      0 0.0340
   0,1     10      0      1      0      0 0.0502
   0,1      5      0      3      0      0 0.0365
  -1,1     13      0      2      0      0 0.0628
   0,1     10      0      5      0      0 0.0673
  -1,1     13      0      2      0      0 0.0625
   0,1      9      0      1      0      0 0.0450
   0,1      9      0      4      0      0 0.0549
   0,1      7      0      3      0      0 0.0426
   0,1     10      0      3      0      0 0.0634
  -1,1     10      0      3      0      0 0.0553
   0,1     12      0      2      0      0 0.0633
   0,1      8      0      5      0      0 0.0556
  -1,1     14      0      4      0      0 0.0811
  -1,1      7      0      4      0      0 0.0509
  -1,1      7      0      2      0      0 0.0411
  -1,0      3      0      3      0      0 0.0278
   0,0      0      0      0      0      0 0.0000
   0,0      0      0      2      0      0 0.0088
  -1,0      1      0      0      0      0 0.0048
  -1,0      3      0      3      0      0 0.0269
  -1,0      2      0      4      0      0 0.0269
  -1,0      2      0      1      0      0 0.0140
  -1,0      2      0      0      0      0 0.0092
  -1,0      3      0      4      0      0 0.0279
   0,0      0      0      2      0      0 0.0086
  -1,0      2      0      2      0      0 0.0171
   0,1      2      0      1      0      0 0.0132
   0,1      1      0      1      0      0 0.0090
   0,1      6      0      1      0      0 0.0304
   0,1      8      0      2      0      0 0.0426
   0,1      5      0      3      0      0 0.0340
  -1,1     10      0      2      0      0 0.0529
  -1,1      7      0      4      0      0 0.0495
  -1,0      2      0      4      0      0 0.0274
   0,0      0      0      3      0      0 0.0135
  -1,0      1      0      3      0      0 0.0187
   0,0      0      0      1      0      0 0.0047
  -1,0      4      0      3      0      0 0.0295
   0,0      0      0      1      0      0 0.0043
   0,0      0      0      2      0      0 0.0091
   0,0      0      0      1      0      0 0.0047
   0,0      0      0      4      0      0 0.0180
  -1,0      2      0      2      0      0 0.0167
  -1,0      1      0      1      0      0 0.0089
   0,0      0      0      2      0      0 0.0091
   0,0      0      0      3      0      0 0.0143
  -1,0      4      0      4      0      0 0.0333
  -1,0      2      0      5      0      0 0.0311
   0,0      0      0      2      0      0 0.0091
   0,1      1      0      5      0      0 0.0244
  -1,0      2      0      4      0      0 0.0269
   0,0      0      0      1      0      0 0.0046
  -1,1      2      0      3      0      0 0.0217
  -1,0      1      0      5      0      0 0.0246
  -1,1      6      0      3      0      0 0.0369
  -1,1      4      0      5      0      0 0.0386
  -1,1      3      0      3      0      0 0.0262
  -1,1      4      0      2      0      0 0.0264
   0,0      0      0      1      0      0 0.0044
   0,1      8      0      3      0      0 0.0514
  -1,1      5      0      5      0      0 0.0429
   0,1      5      0      5      0      0 0.0459
   0,1      2      0      1      0      0 0.0142
   0,1      2      0      2      0      0 0.0175
   0,1      1      0      1      0      0 0.0099
  -1,1      4      0      2      0      0 0.0263
   0,1      3      0      1      0      0 0.0179
   0,1      6      0      4      0      0 0.0461
   0,1      6      0      3      0      0 0.0372
   0,1      6      0      5      0      0 0.0489
  -1,1      6      0      5      0      0 0.0468
  -1,1      8      0      3      0      0 0.0460
  -1,1      9      0      2      0      0 0.0458
   0,1      6      0      4      0      0 0.0431
   0,1     10      0      4      0      0 0.0581
   0,1     15      0      5      0      0 0.0905
  -1,1      5      0      5      0      0 0.0448
  -1,0      2      0      2      0      0 0.0193
  -1,0      1      0      3      0      0 0.0175
  -1,1      5      0      5      0      0 0.0448
   0,1      2      0      1      0      0 0.0141
  -1,1      4      0      1      0      0 0.0243
   0,1      2      0      1      0      0 0.0140
   0,0      0      0      2      0      0 0.0099
   0,1      6      0      1      0      0 0.0337
   0,1     13      0      5      0      0 0.0766
   0,1      9      0      1      0      0 0.0463
   0,1      8      0      6      0      0 0.0617
  -1,1     18      0      3      0      0 0.0955
   0,1      9      0      4      0      0 0.0586
   0,1      8      0      3      0      0 0.0468
   0,1      9      0      4      0      0 0.0586
   0,1      9      0      3      0      0 0.0571
   0,1      9      0      1      0      0 0.0476
  -1,1      8      0      5      0      0 0.0591
  -1,1      9      0      3      0      0 0.0545
  -1,1     10      0      1      0      0 0.0480
  -1,1      8      0      3      0      0 0.0489
  -1,1     10      0      1      0      0 0.0509
  -1,1      8      0      3      0      0 0.0512
  -1,1     12      0      3      0      0 0.0658
   0,1     12      0      4      0      0 0.0708
   0,1     10      0      3      0      0 0.0560
  -1,1     13      0      3      0      0 0.0702
  -1,1     11      0      1      0      0 0.0506
  -1,1      9      0      2      0      0 0.0462
   0,1     10      0      2      0      0 0.0524
  -1,1     14      0      3      0      0 0.0736
  -1,1     16      0      2      0      0 0.0735
  -1,1      7      0      0      0      0 0.0324
   0,1     12      0      1      0      0 0.0573
   0,1      7      0      2      0      0 0.0433
   0,1     16      0      0      0      0 0.0762
   0,1     16      0      1      0      0 0.0769
  -1,1     15      0      4      0      0 0.0844
   0,1     15      0      1      0      0 0.0741
  -1,1     13      0      1      0      0 0.0660
  -1,1     11      0      3      0      0 0.0617
  -1,1     11      0      3      0      0 0.0636
  -1,1      8      0      3      0      0 0.0474
  -1,1      3      0      1      0      0 0.0179
  -1,1      9      0      2      0      0 0.0468
  -1,1      9      0      4      0      0 0.0578
  -1,1     13      0      3      0      0 0.0693
  -1,1     11      0      4      0      0 0.0641
   0,1      9      0      1      0      0 0.0455
  -1,1      9      0      0      0      0 0.0425
  -1,1      9      0      4      0      0 0.0568
  -1,1     11      0      3      0      0 0.0603
  -1,1      7      0      1      0      0 0.0360
  -1,1      6      0      1      0      0 0.0327
  -1,1     11      0      1      0      0 0.0553
   0,1      7      0      1      0      0 0.0372
  -1,1     13      0      0      0      0 0.0602
  -1,1     10      0      1      0      0 0.0564
  -1,1      9      0      1      0      0 0.0444
  -1,1      9      0      0      0      0 0.0407
   0,1      5      0      0      0      0 0.0243
  -1,1      6      0      2      0      0 0.0370
  -1,1      5      0      4      0      0 0.0413
  -1,1      8      0      1      0      0 0.0433
  -1,1      8      0      3      0      0 0.0502
   0,1     12      0      2      0      0 0.0633
   0,1     10      0      1      0      0 0.0491
   0,0      0      0      1      0      0 0.0045
  -1,0      2      0      0      0      0 0.0096
  -1,0      2      0      5      0      0 0.0350
  -1,0      2      0      0      0      0 0.0096
  -1,0      2      0      0      0      0 0.0100
  -1,1      3      0      0      0      0 0.0149
  -1,0      2      0      0      0      0 0.0095
  -1,0      2      0      0      0      0 0.0100
  -1,0      2      0      0      0      0 0.0105
  -1,1      4      0      1      0      0 0.0237
  -1,1      8      0      0      0      0 0.0370
  -1,1     16      0      0      0      0 0.0727
  -1,1     12      0      2      0      0 0.0633
  -1,1     10      0      4      0      0 0.0619
  -1,1      9      0      4      0      0 0.0583
  -1,1      8      0      6      0      0 0.0598
  -1,1     12      0      5      0      0 0.0714
  -1,1     13      0      4      0      0 0.0739
  -1,1     13      0      5      0      0 0.0783
  -1,0      2      0      1      0      0 0.0140
  -1,0      2      0      3      0      0 0.0234
  -1,0      1      0      4      0      0 0.0221
  -1,0      2      0      0      0      0 0.0097
  -1,0      5      0      2      0      0 0.0310
  -1,0      4      0      2      0      0 0.0265
  -1,0      2      0      3      0      0 0.0215
  -1,0      1      0      5      0      0 0.0270
   0,0      0      0      4      0      0 0.0179
   0,1      5      0      2      0      0 0.0317
  -1,0      2      0      2      0      0 0.0179
  -1,1      4      0      3      0      0 0.0335
   0,1      2      0      1      0      0 0.0134
  -1,1      6      0      4      0      0 0.0441
  -1,0      2      0      2      0      0 0.0171
  -1,0      1      0      4      0      0 0.0231
  -1,1      4      0      2      0      0 0.0274
  -1,0      2      0      0      0      0 0.0092
  -1,1      6      0      5      0      0 0.0478
  -1,1     18      0      4      0      0 0.0969
  -1,1     11      0      3      0      0 0.0581
  -1,1     15      0      3      0      0 0.0729
  -1,1     10      0      1      0      0 0.0460
   0,1      7      0      1      0      0 0.0367
   0,1     13      0      1      0      0 0.0609
  -1,1     14      0      3      0      0 0.0742
  -1,1      9      0      1      0      0 0.0469
  -1,1     15      0      1      0      0 0.0705
  -1,1     18      0      1      0      0 0.0852
   0,1     14      0      1      0      0 0.0704
  -1,1     12      0      1      0      0 0.0573
  -1,1      8      0      5      0      0 0.0575
  -1,1     15      0      2      0      0 0.0714
  -1,1     14      0      1      0      0 0.0652
  -1,1     15      0      1      0      0 0.0708
  -1,1     15      0      2      0      0 0.0791
  -1,1     17      0      5      0      0 0.0921
  -1,1     18      0      1      0      0 0.0844
  -1,1     12      0      1      0      0 0.0578
  -1,1     15      0      1      0      0 0.0711
  -1,1     14      0      3      0      0 0.0776
  -1,1      4      0      5      0      0 0.0400
  -1,0      2      0      5      0      0 0.0317
  -1,0      2      0      1      0      0 0.0144
  -1,0      1      0      0      0      0 0.0044
   0,1      1      0      3      0      0 0.0179
  -1,0      2      0      3      0      0 0.0217
   0,1      1      0      2      0      0 0.0132
  -1,0      3      0      1      0      0 0.0186
  -1,0      3      0      3      0      0 0.0261
  -1,0      2      0      1      0      0 0.0141
  -1,0      3      0      2      0      0 0.0239
  -1,0      3      0      2      0      0 0.0219
  -1,0      2      0      1      0      0 0.0136
  -1,0      2      0      1      0      0 0.0129
   0,1      2      0      1      0      0 0.0136
  -1,0      3      0      3      0      0 0.0263
  -1,0      2      0      4      0      0 0.0256
  -1,0      3      0      1      0      0 0.0189
   0,1      4      0      2      0      0 0.0280
  -1,1      8      0      2      0      0 0.0463
   0,0      0      0      1      0      0 0.0049
   0,0      0      0      1      0      0 0.0054
   0,0      0      0      0      0      0 0.0000
  -1,0      4      0      5      0      0 0.0441
  -1,0      2      0      1      0      0 0.0145
  -1,0      3      0      1      0      0 0.0205
  -1,0      2      0      5      0      0 0.0315
   0,0      0      0      3      0      0 0.0142
  -1,1      7      0      2      0      0 0.0435
  -1,1     13      0      3      0      0 0.0714
   0,1      5      0      0      0      0 0.0233
  -1,1      4      0      2      0      0 0.0269
  -1,0      3      0      4      0      0 0.0327
   0,1      1      0      1      0      0 0.0102
  -1,0      2      0      2      0      0 0.0198
  -1,0      3      0      3      0      0 0.0274
  -1,1      4      0      2      0      0 0.0280
  -1,0      2      0      1      0      0 0.0143
  -1,0      1      0      3      0      0 0.0175
   0,0      0      0      4      0      0 0.0175
  -1,0      4      0      5      0      0 0.0407
  -1,0      1      0      3      0      0 0.0175
  -1,0      2      0      4      0      0 0.0270
  -1,0      2      0      1      0      0 0.0135
   0,1      7      0      1      0      0 0.0367
   0,1      4      0      0      0      0 0.0197
   0,1      8      0      3      0      0 0.0550
   0,1      2      0      5      0      0 0.0304
  -1,1      4      0      2      0      0 0.0264
   0,1      5      0      2      0      0 0.0312
   0,1      7      0      4      0      0 0.0498
   0,1      6      0      3      0      0 0.0415
   0,1      5      0      4      0      0 0.0400
   0,1      7      0      2      0      0 0.0405
  -1,1     12      0      4      0      0 0.0721
  -1,1     11      0      0      0      0 0.0478
  -1,1      7      0      2      0      0 0.0446
  -1,1      7      0      4      0      0 0.0505
  -1,1      6      0      2      0      0 0.0402
  -1,1     15      0      1      0      0 0.0696
  -1,1     12      0      1      0      0 0.0583
  -1,1     11      0      3      0      0 0.0664
   0,1      6      0      1      0      0 0.0324
  -1,1     12      0      1      0      2 0.0647
   0,1     10      0      1      0      0 0.0495
   0,1      9      0      1      0      0 0.0455
   0,1     10      0      2      0      0 0.0563
   0,1      5      0      1      0      0 0.0258
   0,1      5      0      0      0      0 0.0219
   0,0      0      0      1      0      0 0.0044
  -1,0      1      0      2      0      0 0.0135
   0,0      0      0      1      0      0 0.0047
   0,0      0      0      2      0      0 0.0091
  -1,0      3      0      2      0      0 0.0211
   0,0      0      0      6      0      0 0.0256
  -1,0      1      0      2      0      0 0.0128
  -1,0      1      0      3      0      0 0.0175
   0,0      0      0      1      0      0 0.0041
   0,1      1      0      3      0      0 0.0179
   0,1      6      0      0      0      0 0.0265
   0,1      5      0      1      0      0 0.0252
  -1,1      7      0      3      0      0 0.0452
   0,1      6      0      1      0      0 0.0324
  -1,0      1      0      1      0      0 0.0089
  -1,0      2      0      1      0      0 0.0137
   0,0      0      0      1      0      0 0.0047
  -1,0      1      0      2      0      0 0.0129
  -1,0      2      0      3      0      0 0.0230
  -1,1      5      0      3      0      0 0.0351
  -1,0      1      0      5      0      0 0.0267
   0,0      0      0      1      0      0 0.0043
   0,1      3      0      3      0      0 0.0253
  -1,0      1      0      3      0      0 0.0170
  -1,1      7      0      5      0      0 0.0490
  -1,1      5      0      7      0      0 0.0494
   0,0      0      0      4      0      0 0.0166
  -1,1      6      0      3      0      0 0.0409
  -1,1      4      0      2      0      0 0.0253
   0,1      7      0      4      0      0 0.0476
   0,1      4      0      4      0      0 0.0339
  -1,1      5      0      2      0      0 0.0298
  -1,1      3      0      0      0      0 0.0136
  -2,1      4      0      3      0      1 0.0348
  -1,1      2      0      2      0      0 0.0193
   0,1      2      0      1      0      0 0.0133
   0,1      2      0      2      0      0 0.0170
  -1,0      4      0      2      0      0 0.0276
  -1,0      4      0      4      0      0 0.0329
  -1,1      6      0      4      0      0 0.0441
  -1,0      2      0      1      0      0 0.0126
  -1,1      4      0      5      0      0 0.0375
  -1,1      6      0      4      0      0 0.0426
  -1,1      4      0      1      0      0 0.0226
  -1,1      7      0      4      0      0 0.0482
  -1,0      2      0      1      0      0 0.0144
   0,0      0      0      5      0      0 0.0230
  -1,0      2      0      1      0      0 0.0140
  -1,1     12      0      0      0      0 0.0522
   0,1     11      0      0      0      0 0.0512
   0,1     10      0      1      0      0 0.0524
  -2,1      9      0      2      0      2 0.0616
   0,1      6      0      1      0      0 0.0310
  -1,1     11      0      2      0      0 0.0663
  -1,1     18      0      5      0      0 0.0987
  -1,1     15      0      2      0      0 0.0773
  -1,1      9      0      3      0      0 0.0511
  -1,1     10      0      4      0      0 0.0633
   0,1      8      0      1      0      0 0.0417
  -1,1     10      0      4      0      0 0.0611
  -1,1      8      0      0      0      0 0.0349
   0,1     10      0      2      0      0 0.0526
   0,1      7      0      2      0      0 0.0393
  -1,1     13      0      2      0      0 0.0667
  -1,1     16      0      2      0      0 0.0783
  -1,1     10      0      2      0      0 0.0550
  -1,1     14      0      0      0      0 0.0651
   0,1      9      0      3      0      0 0.0522
  -1,1     10      0      1      0      0 0.0489
   0,1      9      0      1      0      0 0.0431
  -1,1      7      0      1      0      0 0.0362
  -1,1      5      0      4      0      0 0.0386
   0,0      0      0      4      0      0 0.0174
  -1,0      1      0      1      0      0 0.0093
   0,0      0      0      1      0      0 0.0046
  -1,0      2      0      1      0      0 0.0144
  -1,0      3      0      0      0      0 0.0146
  -1,0      3      0      2      0      0 0.0227
  -1,0      3      0      2      0      0 0.0246
   0,0      0      0      1      0      0 0.0048
   0,0      0      0      2      0      0 0.0095
  -1,0      2      0      2      0      0 0.0186
  -1,0      3      0      1      0      0 0.0181
  -1,1      4      0      2      0      0 0.0303
  -1,1      5      0      0      0      0 0.0230
  -1,0      2      0      2      0      0 0.0191
  -1,0      2      0      1      0      0 0.0155
   0,0      0      0      0      0      0 0.0000
   0,0      0      0      1      0      0 0.0049
   0,0      0      0      1      0      0 0.0047
   0,0      0      0      0      0      0 0.0000
  -1,0      1      0      4      0      0 0.0212
  -1,0      1      0      1      0      0 0.0087
  -1,0      1      0      1      0      0 0.0090
  -1,0      2      0      6      0      0 0.0348
  -1,0      2      0      3      0      0 0.0215
   0,1      8      0      3      0      0 0.0474
  -1,1     12      0      3      0      0 0.0595
  -1,1     10      0      3      0      0 0.0558
  -1,1     11      0      3      0      0 0.0639
  -1,1      6      0      0      0      0 0.0288
   0,1      7      0      1      0      0 0.0354
   0,1      8      0      2      0      0 0.0461
  -1,1     18      0      2      0      0 0.0889
   0,1     12      0      2      0      0 0.0636
   0,1      6      0      4      0      0 0.0433
  -1,1     13      0      0      0      0 0.0583
   0,1     17      0      0      0      0 0.0730
  -1,1     12      0      0      0      0 0.0553
  -1,1     12      0      0      0      0 0.0531
  -1,1     14      0      2      0      0 0.0717
  -1,1     17      0      0      0      0 0.0736
  -1,1     13      0      3      0      0 0.0693
  -1,1     12      0      2      0      0 0.0631
  -1,1     12      0      5      0      0 0.0733
  -1,1     12      0      3      0      0 0.0658
  -1,1      8      0      1      0      0 0.0404
   0,1      9      0      1      0      0 0.0446
  -1,1     11      0      0      0      0 0.0482
  -1,1     14      0      2      0      0 0.0714
  -1,1     13      0      2      0      0 0.0673
  -1,1     20      0      3      0      0 0.0970
  -1,1     19      0      1      0      0 0.0897
  -1,1     14      0      2      0      0 0.0734
  -1,1     15      0      1      0      0 0.0681
  -1,1     18      0      2      0      0 0.0855
  -1,1     17      0      5      0      0 0.0928
  -1,1     13      0      4      0      0 0.0787
  -1,1     18      0      0      0      0 0.0841
   0,1     15      0      0      0      0 0.0655
  -1,1     15      0      0      0      0 0.0718
  -1,1     13      0      1      0      0 0.0654
  -1,1     13      0      1      0      0 0.0651
  -1,1     16      0      2      0      0 0.0826
  -1,1     15      0      4      0      0 0.0805
  -1,1     17      0      3      0      0 0.0826
  -1,1     15      0      5      0      0 0.0917
  -1,1     15      0      2      0      0 0.0762
   0,1     13      0      0      0      0 0.0578
   0,1     13      0      1      0      0 0.0593
  -1,1     15      0      1      0      0 0.0737
   0,1     10      0      1      0      0 0.0524
  -1,1     12      0      1      0      0 0.0583
  -1,1     13      0      1      0      0 0.0639
  -1,1     11      0      3      0      0 0.0617
  -1,1     15      0      1      0      0 0.0714
  -1,1     12      0      2      0      0 0.0625
  -1,0      3      0      3      0      0 0.0293
  -1,1      8      0      0      0      0 0.0370
  -1,1     10      0      1      0      0 0.0509
  -1,1      8      0      1      0      0 0.0441
   0,1      5      0      1      0      0 0.0328
   0,1      5      0      0      0      0 0.0242
   0,1      6      0      0      0      0 0.0335
   0,1      6      0      0      0      0 0.0284
   0,1      6      0      0      0      0 0.0284
   0,1     10      0      0      0      0 0.0488
   0,1      1      0      0      0      0 0.0049
   0,1     18      0      0      0      0 0.0849
   0,1     10      0      0      0      0 0.0450
   0,1      8      0      0      0      0 0.0412
   0,1     10      0      0      0      0 0.0524
   0,1      8      0      0      0      0 0.0402
   0,1     14      0      0      0      0 0.0683
   0,1     13      0      0      0      0 0.0610
   0,1     18      0      0      0      0 0.0811
   0,1     13      0      0      0      0 0.0596
   0,1     12      0      0      0      0 0.0543
   0,1     13      0      0      0      0 0.0586
   0,1     13      0      0      0      0 0.0588
   0,1     13      0      0      0      0 0.0602
   0,1     15      0      0      0      0 0.0625
   0,1     16      0      0      0      0 0.0669
   0,1     10      0      0      0      0 0.0450
   0,1      9      0      0      0      0 0.0390
  -1,1     19      0      0      0      0 0.0868
   0,1     17      0      0      0      0 0.0691
   0,1     20      0      0      0      0 0.0870
   0,1      9      0      0      0      0 0.0435
   0,1      8      0      0      0      0 0.0398
   0,1     15      0      0      0      0 0.0725
   0,1     10      0      0      0      0 0.0459
   0,1     17      0      0      0      0 0.0773
   0,1     17      0      0      0      0 0.0776
   0,1     13      0      0      0      0 0.0634
   0,1     13      0      0      0      0 0.0602
   0,1     18      0      0      0      0 0.0845
   0,1     17      0      0      0      0 0.0762
   0,1     15      0      0      0      0 0.0676
   0,1     10      0      0      0      0 0.0463
   0,1     20      0      0      0      0 0.0897
   0,1     13      0      0      0      0 0.0637
   0,1     15      0      0      0      0 0.0739
   0,1     13      0      0      0      0 0.0670
   0,1     14      0      0      0      0 0.0645
   0,1     10      0      0      0      0 0.0510
   0,1     11      0      0      0      0 0.0516
   0,1     13      0      0      0      0 0.0580
   0,1     10      0      0      0      0 0.0450
   0,1      9      0      0      0      0 0.0415
   0,1     12      0      0      0      0 0.0574
   0,1     10      0      0      0      0 0.0467
   0,1     16      0      0      0      0 0.0744
   0,1     12      0      0      0      0 0.0526
   0,1     10      0      0      0      0 0.0465
   0,1     11      0      0      0      0 0.0516
  -1,1     10      0      1      0      0 0.0487
  -1,1     10      0      0      0      0 0.0469
  -1,1     11      0      1      0      0 0.0543
  -1,1     12      0      3      0      0 0.0636
  -1,0      2      0      0      0      0 0.0096
  -1,1      8      0      1      0      0 0.0388
  -1,1     10      0      0      0      0 0.0444
  -1,1     15      0      5      0      0 0.0855
  -1,1     10      0      3      0      0 0.0588
  -1,1     10      0      1      0      0 0.0480
  -1,1      8      0      1      0      0 0.0396
  -1,1     14      0      1      0      0 0.0644
  -1,1     16      0      4      0      0 0.0820
  -1,1     15      0      2      0      0 0.0723
  -1,1     11      0      2      0      1 0.0648
  -1,1     10      0      2      0      0 0.0536
  -1,1      4      0      0      0      0 0.0187
   0,0      0      0      0      0      0 0.0000
   0,0      0      0      2      0      0 0.0094
  -1,1      6      0      4      0      0 0.0446
  -1,0      3      0      4      0      0 0.0308
   0,0      0      0      0      0      0 0.0000
   0,0      0      0      1      0      0 0.0051
   0,1      2      0      4      0      0 0.0274
  -1,0      2      0      1      0      0 0.0164
  -1,0      2      0      1      0      0 0.0148
  -1,1      7      0      4      0      0 0.0500
   0,1      6      0      3      0      0 0.0417
   0,1      5      0      1      0      0 0.0274
  -1,1      7      0      2      0      0 0.0417
  -1,1     14      0      1      0      0 0.0676
   0,1      4      0      2      0      0 0.0287
  -1,1      9      0      6      0      0 0.0685
   0,1      4      0      2      0      0 0.0319
  -1,1      6      0      2      0      0 0.0362
  -1,1      9      0      4      0      0 0.0616
   0,1      6      0      1      0      0 0.0315
   0,1     13      0      1      0      0 0.0598
  -1,1     18      0      0      0      0 0.0807
   0,1     11      0      1      0      0 0.0502
  -1,1     16      0      1      0      0 0.0736
  -1,0      3      0      4      0      0 0.0333
  -1,1     11      0      2      0      0 0.0599
  -1,1     10      0      1      0      0 0.0480
  -1,1     15      0      3      0      0 0.0747
  -1,1     11      0      5      0      0 0.0690
  -1,1     14      0      3      0      0 0.0730
   0,1     13      0      3      0      0 0.0672
  -1,1      3      0      1      0      0 0.0165
   0,0      0      0      1      0      0 0.0041
  -1,0      3      0      4      0      0 0.0292
   0,0      0      0      1      0      0 0.0045
  -1,0      2      0      5      0      0 0.0318
  -1,0      4      0      3      0      0 0.0300
   0,0      0      0      1      0      0 0.0045
   0,0      0      0      3      0      0 0.0132
  -1,1      5      0      4      0      0 0.0361
  -1,1      4      0      2      0      0 0.0267
  -1,1      4      0      3      0      0 0.0299
  -1,0      2      0      2      0      0 0.0190
  -1,1      4      0      0      0      0 0.0188
  -1,0      2      0      2      0      0 0.0187
  -1,0      2      0      2      0      0 0.0195
  -1,0      2      0      3      0      0 0.0243
  -1,1      4      0      4      0      0 0.0360
  -1,1      7      0      3      0      0 0.0452
  -1,1     14      0      2      0      0 0.0702
  -1,0      2      0      2      0      0 0.0177
   0,0      0      0      1      0      0 0.0046
   0,1      4      0      3      0      0 0.0323
   0,1      6      0      1      0      0 0.0338
  -1,0      2      0      1      0      0 0.0139
   0,0      0      0      2      0      0 0.0083
  -1,0      2      0      2      0      0 0.0183
  -1,0      3      0      6      0      0 0.0367
  -1,0      3      0      4      0      0 0.0294
  -1,0      5      0      4      0      0 0.0373
  -1,1     10      0      3      0      0 0.0531
  -1,1      6      0      2      0      0 0.0354
   0,1      3      0      2      0      0 0.0249
  -1,1     12      0      0      0      0 0.0563
   0,1     12      0      3      0      0 0.0765
  -1,1      9      0      0      0      0 0.0464
  -1,1     17      0      0      0      0 0.0810
   0,1     10      0      1      0      0 0.0493
   0,1     10      0      2      0      0 0.0533
   0,1     11      0      1      0      0 0.0545
   0,1      7      0      3      0      0 0.0465
   0,1      9      0      2      0      0 0.0534
   0,1      5      0      1      0      0 0.0271
   0,1      5      0      1      0      0 0.0261
  -1,1      7      0      1      0      0 0.0376
   0,1      3      0      1      0      0 0.0179
   0,1      1      0      2      0      0 0.0123
  -1,0      2      0      1      0      0 0.0132
  -1,0      4      0      3      0      0 0.0297
  -1,0      2      0      1      0      0 0.0134
  -1,0      2      0      3      0      0 0.0209
   0,0      0      0      1      0      0 0.0044
  -1,0      5      0      4      0      0 0.0366
  -1,0      2      0      4      0      0 0.0250
   0,0      0      0      4      0      0 0.0183
   0,0      0      0      2      0      0 0.0094
   0,0      0      0      1      0      0 0.0045
   0,1     10      0      4      0      0 0.0598
   0,1     11      0      1      0      0 0.0538
  -1,1     12      0      4      0      0 0.0669
   0,1     21      0      1      0      0 0.0965
   0,1     17      0      5      0      0 0.0936
   0,1      5      0      1      0      0 0.0267
   0,1      9      0      1      0      0 0.0495
   0,1      5      0      1      0      0 0.0268
  -1,0      1      0      4      0      0 0.0222
  -1,0      1      0      1      0      0 0.0090
  -1,0      1      0      3      0      0 0.0180
  -1,0      2      0      5      0      0 0.0307
   0,0      0      0      3      0      0 0.0128
  -1,0      2      0      1      0      0 0.0129
  -1,0      1      0      5      0      0 0.0252
  -1,0      2      0      4      0      0 0.0251
  -1,0      1      0      4      0      0 0.0218
  -1,0      3      0      4      0      0 0.0306
  -1,0      5      0      5      0      0 0.0391
  -1,0      2      0      1      0      0 0.0136
  -1,0      2      0      2      0      0 0.0175
  -1,0      1      0      3      0      0 0.0177
  -1,0      2      0      3      0      0 0.0218
  -1,0      3      0      1      0      0 0.0170
   0,1     10      0      2      0      0 0.0519
   0,1      8      0      1      0      0 0.0388
   0,1      5      0      4      0      0 0.0395
   0,1     11      0      4      0      0 0.0708
   0,1      3      0      1      0      0 0.0181
   0,1     10      0      1      0      0 0.0470
   0,1      7      0      2      0      0 0.0380
  -1,1      8      0      5      0      0 0.0537
  -1,1      3      0      7      0      0 0.0420
   0,1      4      0      3      0      0 0.0317
  -1,0      1      0      3      0      0 0.0182
   0,1      3      0      2      0      0 0.0226
   0,1      1      0      1      0      0 0.0091
   0,1     12      0      1      0      0 0.0568
  -1,1      4      0      5      0      0 0.0381
  -1,1      5      0      4      0      0 0.0372
   0,0      0      0      1      0      0 0.0043
  -1,0      3      0      2      0      0 0.0214
   0,0      0      0      0      0      0 0.0000
  -1,1      4      0      3      0      0 0.0314
  -1,1      9      0      3      0      0 0.0522
   0,1     12      0      3      0      0 0.0739
   0,1     10      0      0      0      0 0.0446
   0,1     10      0      2      0      0 0.0606
   0,1      8      0      0      0      0 0.0406
   0,1      8      0      0      0      0 0.0406
   0,1     12      0      0      0      0 0.0566
  -1,1     10      0      3      0      0 0.0578
   0,1      6      0      3      0      0 0.0427
   0,1      5      0      0      0      0 0.0209
  -1,1      5      0      3      0      0 0.0352
   0,1      3      0      1      0      0 0.0174
   0,1      4      0      1      0      0 0.0226
  -1,0      1      0      6      0      0 0.0299
   0,1      3      0      4      0      0 0.0307
   0,1      5      0      1      0      0 0.0259
   0,1      5      0      0      0      0 0.0216
   0,1      6      0      0      0      0 0.0271
   0,1     11      0      0      0      0 0.0529
   0,0      0      0      0      0      0 0.0000
   0,1      1      0      0      0      0 0.0053
   0,0      0      0      0      0      0 0.0000
   0,0      0      0      0      0      0 0.0000
   0,0      0      0      0      0      0 0.0000
   0,0      0      0      0      0      0 0.0000
   0,0      0      0      0      0      0 0.0000
   0,0      0      0      0      0      0 0.0000
   0,0      0      0      0      0      0 0.0000
   0,0      0      0      0      0      0 0.0000
   0,0      0      0      0      0      0 0.0000
   0,0      0      0      0      0      0 0.0000
   0,0      0      0      0      0      0 0.0000
  -1,0      1      0      0      0      0 0.0049
   0,0      0      0      0      0      0 0.0000
   0,0      0      0      0      0      0 0.0000
   0,0      0      0      0      0      0 0.0000
   0,0      0      0      0      0      0 0.0000
   0,1      1      0      0      0      0 0.0054
   0,0      0      0      0      0      0 0.0000
   0,1      2      0      0      0      0 0.0104
   0,1      1      0      0      0      0 0.0055
   0,1     10      0      0      0      0 0.0493
   0,1     13      0      0      0      0 0.0591
   0,1      7      0      0      0      0 0.0347
   0,1      7      0      0      0      0 0.0387
   0,1      6      0      0      0      0 0.0293
   0,1      9      0      0      0      0 0.0423
   0,1      6      0      0      0      0 0.0321
   0,1      7      0      0      0      0 0.0341
   0,1     11      0      0      0      0 0.0534
   0,1     20      0      0      0      0 0.0889
   0,1     11      0      0      0      0 0.0539
   0,1     17      0      0      0      0 0.0872
   0,1     18      0      0      0      0 0.0938
   0,1     16      0      0      0      0 0.0812
   0,1     11      0      0      0      0 0.0582
   0,1     11      0      0      0      0 0.0573
   0,1      7      0      0      0      0 0.0352
   0,1      7      0      0      0      0 0.0341
   0,1     10      0      0      0      0 0.0472
   0,1      8      0      0      0      0 0.0402
   0,1     13      0      0      0      0 0.0660
   0,1      2      0      0      0      0 0.0118
   0,1      6      0      0      0      0 0.0335
   0,1      6      0      0      0      0 0.0309
   0,1      3      0      0      0      0 0.0160
   0,0      0      0      0      0      0 0.0000
   0,0      0      0      0      0      0 0.0000
   0,0      0      0      0      0      0 0.0000
   0,1      2      0      0      0      0 0.0105
   0,0      0      0      0      0      0 0.0000
   0,0      0      0      0      0      0 0.0000
   0,0      0      0      0      0      0 0.0000
   0,1      3      0      0      0      0 0.0146
   0,1      5      0      0      0      0 0.0279
   0,0      0      0      0      0      0 0.0000
   0,1     12      0      0      0      0 0.0652
   0,1     12      0      0      0      0 0.0628
   0,1     11      0      0      0      0 0.0591
   0,1      9      0      0      0      0 0.0503
   0,1      7      0      0      0      0 0.0370
   0,1      9      0      0      0      0 0.0495
   0,1     13      0      0      0      0 0.0667
   0,1     13      0      0      0      0 0.0657
   0,1      8      0      0      0      0 0.0398
   0,1     14      0      0      0      0 0.0648
   0,1     10      0      0      0      0 0.0461
   0,1      4      0      0      0      0 0.0183
   0,1      4      0      0      0      0 0.0193
  -1,1     14      0      0      0      0 0.0628
  -1,1     13      0      1      0      0 0.0622
  -1,1     15      0      1      0      0 0.0724
  -1,1     13      0      1      0      0 0.0645
  -1,1     12      0      0      0      0 0.0580
  -1,1     15      0      2      0      0 0.0821
  -1,1      9      0      2      0      0 0.0493
  -1,1     18      0      3      0      0 0.0955
  -1,1     14      0      3      0      0 0.0783
  -1,1     10      0      1      0      0 0.0519
  -1,1     11      0      1      0      0 0.0531
  -1,1      8      0      3      0      0 0.0495
  -1,1      8      0      5      0      0 0.0553
  -1,1      4      0      3      0      0 0.0306
  -1,1      4      0      3      0      0 0.0304
  -1,1      2      0      5      0      0 0.0292
   0,1      2      0      1      0      0 0.0132
   0,1      3      0      0      0      0 0.0138
   0,1      6      0      1      0      0 0.0317
   0,1      5      0      1      0      0 0.0270
   0,0      0      0      1      0      0 0.0047
  -1,1      1      0      2      0      1 0.0201
   0,1      2      0      1      0      0 0.0151
   0,1      5      0      1      0      0 0.0280
   0,0      0      0      0      0      0 0.0000
   0,0      0      0      3      0      0 0.0142
   0,0      0      0      3      0      0 0.0140
  -1,0      1      0      3      0      0 0.0173
   0,1      3      0      1      0      0 0.0185
   0,1     10      0      1      0      0 0.0493
   0,0      0      0      1      0      0 0.0047
   0,0      0      0      0      0      0 0.0000
  -1,1      2      0      1      0      0 0.0129
   0,0      0      0      2      0      0 0.0090
   0,0      0      0      1      0      0 0.0047
   0,0      0      0      0      0      0 0.0000
   0,0      0      0      1      0      0 0.0044
   0,1      4      0      1      0      0 0.0219
   0,0      0      0      1      0      0 0.0043
   0,1      1      0      6      0      0 0.0310
  -1,0      3      0      4      0      0 0.0292
  -1,1      5      0      4      0      0 0.0398
   0,1      4      0      5      0      0 0.0388
   0,1      2      0      1      0      0 0.0128
   0,1      6      0      2      0      0 0.0359
   0,1      4      0      1      0      0 0.0219
   0,1      5      0      2      0      0 0.0292
   0,1      3      0      2      0      0 0.0222
   0,1      7      0      0      0      0 0.0314
   0,1      4      0      0      0      0 0.0178
   0,1     11      0      1      0      0 0.0563
   0,1     10      0      1      0      0 0.0531
   0,1      7      0      4      0      0 0.0509
   0,1      9      0      2      0      0 0.0537
   0,1      9      0      0      0      0 0.0429
   0,1      7      0      1      0      0 0.0381
   0,1     10      0      1      0      0 0.0512
   0,1      7      0      0      0      0 0.0326
   0,1      8      0      0      0      0 0.0364
   0,1      7      0      0      0      0 0.0337
   0,1     11      0      1      0      0 0.0561
   0,1     14      0      1      0      0 0.0676
  -1,1     13      0      3      0      2 0.0776
   0,1     11      0      1      0      0 0.0524
   0,1      4      0      1      0      0 0.0242
   0,1      7      0      1      0      0 0.0364
   0,1      9      0      1      0      0 0.0469
   0,1      4      0      0      0      0 0.0188
   0,1      7      0      1      0      0 0.0379
   0,1     13      0      0      0      0 0.0568
   0,1     12      0      2      0      0 0.0670
   0,1      8      0      1      0      0 0.0421
  -1,1      8      0      2      0      1 0.0542
   0,1     10      0      2      0      0 0.0600
   0,1     12      0      2      0      0 0.0660
   0,1     11      0      3      0      0 0.0676
   0,1      3      0      1      0      0 0.0185
   0,1      6      0      1      0      0 0.0333
   0,1      5      0      1      0      0 0.0296
   0,1      9      0      1      0      0 0.0439
  -1,0      1      0      1      0      0 0.0097
  -1,0      1      0      1      0      0 0.0100
  -1,0      1      0      3      0      0 0.0175
  -1,0      2      0      1      0      0 0.0130
   0,0      0      0      0      0      0 0.0000
   0,0      0      0      1      0      0 0.0047
   0,1      5      0      1      0      0 0.0274
   0,1      7      0      1      0      0 0.0351
   0,1      1      0      3      0      0 0.0194
  -1,1      4      0      2      0      0 0.0264
  -1,0      3      0      4      0      0 0.0287
  -1,1      5      0      1      0      0 0.0267
  -1,0      2      0      1      0      0 0.0135
  -1,0      2      0      1      0      0 0.0137
  -1,1      4      0      2      0      0 0.0249
  -1,1      3      0      1      0      0 0.0170
  -1,1      5      0      6      0      0 0.0460
   0,1     11      0      2      0      0 0.0542
  -1,1      8      0      4      0      0 0.0529
   0,1      6      0      0      0      0 0.0263
   0,1      5      0      2      0      0 0.0289
  -1,0      2      0      5      0      0 0.0304
   0,0      0      0      2      0      0 0.0089
   0,0      0      0      4      0      0 0.0165
   0,0      0      0      1      0      0 0.0045
  -2,0      3      0      2      0      0 0.0216
  -1,0      1      0      2      0      0 0.0123
   0,0      0      0      2      0      0 0.0087
   0,0      0      0      1      0      0 0.0046
   0,0      0      0      3      0      0 0.0134
   0,0      0      0      0      0      0 0.0000
  -1,0      3      0      3      0      0 0.0258
  -1,0      4      0      2      0      0 0.0253
  -1,0      5      0      5      0      0 0.0418
  -1,0      2      0      2      0      0 0.0175
   0,0      0      0      5      0      0 0.0212
  -1,0      1      0      4      0      0 0.0211
   0,0      0      0      2      0      0 0.0086
  -1,0      2      0      6      0      0 0.0356
   0,1      4      0      2      0      0 0.0265
  -1,1      5      0      3      0      0 0.0335
  -1,0      1      0      1      0      0 0.0095
   0,0      0      0      1      0      0 0.0047
   0,1      1      0      1      0      0 0.0100
  -1,0      2      0      3      0      0 0.0223
   0,0      0      0      3      0      0 0.0129
  -1,0      2      0      4      0      0 0.0270
  -1,1     12      0      1      0      0 0.0544
   0,1      5      0      1      0      0 0.0299
   0,1      5      0      4      0      0 0.0411
   0,1      3      0      4      0      0 0.0323
   0,1      3      0      3      0      0 0.0288
   0,0      0      0      1      0      0 0.0043
  -1,0      1      0      2      0      0 0.0141
   0,0      0      0      3      0      0 0.0134
  -1,1      3      0      3      0      0 0.0265
  -1,0      1      0      7      0      0 0.0346
  -1,0      2      0      2      0      0 0.0177
   0,1      1      0      3      0      0 0.0179
   0,0      0      0      4      0      0 0.0178
  -1,0      5      0      5      0      0 0.0455
  -1,1      6      0      4      0      0 0.0412
  -1,1     10      0      1      0      0 0.0468
   0,1     15      0      1      0      0 0.0684
  -1,1      9      0      3      0      0 0.0558
  -1,1     15      0      4      0      0 0.0864
  -1,1     11      0      2      0      0 0.0599
  -1,1     10      0      2      0      0 0.0511
   0,1     14      0      2      0      0 0.0650
   0,1      6      0      3      0      0 0.0370
  -1,1      5      0      1      0      0 0.0247
   0,1      5      0      1      0      0 0.0268
  -1,1      4      0      4      0      0 0.0345
  -1,1      5      0      4      0      0 0.0398
   0,1      2      0      4      0      0 0.0254
  -1,1      5      0      2      0      0 0.0315
  -1,1      5      0      3      0      0 0.0335
   0,1      6      0      3      0      0 0.0415
  -1,1      5      0      2      0      0 0.0311
  -1,1      2      0      4      0      0 0.0274
  -1,0      3      0      4      0      0 0.0314
  -1,0      2      0      4      0      0 0.0274
  -1,0      2      0      2      0      0 0.0176
  -1,0      3      0      2      0      0 0.0217
  -1,0      2      0      2      0      0 0.0172
  -1,0      2      0      1      0      0 0.0133
  -1,0      2      0      1      0      0 0.0124
  -1,1      7      0      3      0      0 0.0431
   0,1      2      0      1      0      0 0.0140
   0,1      3      0      1      0      0 0.0174
   0,0      0      0      6      0      0 0.0278
   0,0      0      0      1      0      0 0.0046
   0,0      0      0      2      0      0 0.0097
   0,0      0      0      2      0      0 0.0101
   0,0      0      0      1      0      0 0.0047
   0,0      0      0      1      0      0 0.0046
  -1,0      2      0      1      0      0 0.0151
   0,0      0      0      1      0      0 0.0045
   0,0      0      0      2      0      0 0.0093
   0,0      0      0      1      0      0 0.0045
   0,0      0      0      1      0      0 0.0045
  -1,0      2      0      1      0      0 0.0149
   0,0      0      0      4      0      0 0.0173
  -1,0      1      0      2      0      0 0.0144
  -1,1     10      0      5      0      0 0.0628
  -1,1     16      0      4      0      0 0.0816
