# G1: Gain entanglement and not switch chirality (e.g. 0 to 1)
# G2: Gain entanglement and switch chirality (e.g. -1 to 2)
# G3: Lose entanglement and not switch chirality (e.g. -2 to -1)
# G4: Lose entanglement and switch chirality (e.g. -2 to 1)
# G5: Only switch chirality (e.g. -1 to 1)
# fGtot: Total number of change of entanglement / Total number of native contacts in this structure
# Total native contact: 409
 max_g     G1     G2     G3     G4     G5  fGtot
   0,0      0      0      0      0      0 0.0000
   0,0      0      0      0      0      0 0.0000
   0,0      0      0      0      0      0 0.0000
   0,0      0      0      0      0      0 0.0000
   0,0      0      0      0      0      0 0.0000
   0,0      0      0      0      0      0 0.0000
   0,0      0      0      0      0      0 0.0000
   0,0      0      0      0      0      0 0.0000
   0,0      0      0      0      0      0 0.0000
   0,0      0      0      0      0      0 0.0000
  -1,0      1      0      0      0      0 0.0046
   0,0      0      0      0      0      0 0.0000
   0,0      0      0      0      0      0 0.0000
   0,0      0      0      1      0      0 0.0048
   0,0      0      0      0      0      0 0.0000
   0,0      0      0      1      0      0 0.0046
   0,0      0      0      2      0      0 0.0092
  -1,0      0      0      0      0      1 0.0047
   0,0      0      0      1      0      0 0.0050
   0,0      0      0      1      0      0 0.0046
   0,0      0      0      0      0      0 0.0000
  -1,0      0      0      2      0      1 0.0140
   0,0      0      0      0      0      0 0.0000
   0,0      0      0      0      0      0 0.0000
  -1,0      0      0      0      0      1 0.0041
  -1,0      0      0      0      0      1 0.0045
   0,0      0      0      0      0      0 0.0000
   0,0      0      0      0      0      0 0.0000
  -1,0      0      0      0      0      2 0.0092
  -1,0      0      0      1      0      4 0.0221
  -1,0      0      0      1      0      2 0.0149
  -1,0      0      0      0      0      1 0.0049
   0,0      0      0      2      0      0 0.0103
   0,0      0      0      3      0      0 0.0138
   0,0      0      0      2      0      0 0.0097
   0,0      0      0      2      0      0 0.0089
  -1,0      0      0      1      0      1 0.0101
   0,0      0      0      2      0      0 0.0100
   0,0      0      0      2      0      0 0.0096
   0,0      0      0      1      0      0 0.0046
   0,0      0      0      2      0      0 0.0100
  -1,0      0      0      0      0      1 0.0044
   0,0      0      0      1      0      0 0.0047
  -1,0      0      0      0      0      2 0.0089
   0,0      0      0      1      0      0 0.0044
   0,0      0      0      2      0      0 0.0091
  -1,0      0      0      0      0      1 0.0044
   0,0      0      0      0      0      0 0.0000
  -1,0      2      0      0      0      1 0.0138
  -1,0      1      0      0      0      1 0.0087
   0,0      0      0      0      0      0 0.0000
  -1,0      0      0      0      0      1 0.0052
  -1,0      0      0      0      0      2 0.0104
  -1,0      0      0      0      0      2 0.0096
   0,0      0      0      0      0      0 0.0000
   0,0      0      0      0      0      0 0.0000
   0,0      0      0      0      0      0 0.0000
   0,0      0      0      2      0      0 0.0103
   0,0      0      0      2      0      0 0.0105
   0,0      0      0      1      0      0 0.0050
  -1,0      0      0      1      0      1 0.0105
   0,0      0      0      1      0      0 0.0063
   0,0      0      0      1      0      0 0.0050
   0,0      0      0      2      0      0 0.0101
   0,0      0      0      1      0      0 0.0048
   0,0      0      0      0      0      0 0.0000
   0,0      0      0      0      0      0 0.0000
   0,0      0      0      0      0      0 0.0000
   0,0      0      0      0      0      0 0.0000
   0,0      0      0      0      0      0 0.0000
   0,0      0      0      0      0      0 0.0000
  -1,0      1      0      0      0      0 0.0051
   0,0      0      0      0      0      0 0.0000
   0,0      0      0      0      0      0 0.0000
   0,0      0      0      0      0      0 0.0000
   0,0      0      0      0      0      0 0.0000
   0,0      0      0      0      0      0 0.0000
   0,0      0      0      0      0      0 0.0000
   0,0      0      0      0      0      0 0.0000
  -1,0      1      0      0      0      0 0.0044
   0,0      0      0      0      0      0 0.0000
  -1,0      1      0      0      0      0 0.0050
   0,0      0      0      0      0      0 0.0000
   0,0      0      0      0      0      0 0.0000
   0,0      0      0      0      0      0 0.0000
   0,0      0      0      0      0      0 0.0000
   0,0      0      0      0      0      0 0.0000
   0,0      0      0      0      0      0 0.0000
   0,0      0      0      0      0      0 0.0000
   0,0      0      0      0      0      0 0.0000
  -1,0      1      0      0      0      0 0.0049
   0,0      0      0      0      0      0 0.0000
   0,0      0      0      0      0      0 0.0000
   0,0      0      0      0      0      0 0.0000
   0,0      0      0      0      0      0 0.0000
   0,0      0      0      0      0      0 0.0000
   0,0      0      0      0      0      0 0.0000
   0,0      0      0      0      0      0 0.0000
   0,0      0      0      0      0      0 0.0000
   0,0      0      0      0      0      0 0.0000
   0,0      0      0      0      0      0 0.0000
   0,0      0      0      0      0      0 0.0000
   0,0      0      0      0      0      0 0.0000
   0,0      0      0      0      0      0 0.0000
   0,0      0      0      0      0      0 0.0000
   0,0      0      0      0      0      0 0.0000
   0,0      0      0      0      0      0 0.0000
   0,0      0      0      0      0      0 0.0000
  -1,0      1      0      0      0      0 0.0048
   0,0      0      0      0      0      0 0.0000
   0,0      0      0      0      0      0 0.0000
   0,0      0      0      0      0      0 0.0000
   0,0      0      0      0      0      0 0.0000
   0,0      0      0      0      0      0 0.0000
  -1,0      2      0      0      0      0 0.0105
   0,0      0      0      0      0      0 0.0000
   0,0      0      0      0      0      0 0.0000
   0,0      0      0      0      0      0 0.0000
   0,0      0      0      0      0      0 0.0000
   0,0      0      0      0      0      0 0.0000
   0,0      0      0      0      0      0 0.0000
   0,0      0      0      0      0      0 0.0000
   0,0      0      0      0      0      0 0.0000
   0,0      0      0      0      0      0 0.0000
   0,0      0      0      0      0      0 0.0000
   0,0      0      0      0      0      0 0.0000
  -1,0      3      0      0      0      0 0.0151
   0,0      0      0      0      0      0 0.0000
   0,0      0      0      0      0      0 0.0000
   0,1      1      0      0      0      0 0.0050
   0,0      0      0      0      0      0 0.0000
   0,0      0      0      0      0      0 0.0000
   0,0      0      0      0      0      0 0.0000
   0,0      0      0      0      0      0 0.0000
   0,0      0      0      0      0      0 0.0000
   0,0      0      0      0      0      0 0.0000
   0,0      0      0      0      0      0 0.0000
   0,0      0      0      0      0      0 0.0000
   0,0      0      0      0      0      0 0.0000
   0,0      0      0      0      0      0 0.0000
   0,0      0      0      0      0      0 0.0000
   0,0      0      0      0      0      0 0.0000
   0,0      0      0      0      0      0 0.0000
   0,0      0      0      0      0      0 0.0000
   0,0      0      0      0      0      0 0.0000
   0,0      0      0      0      0      0 0.0000
   0,0      0      0      0      0      0 0.0000
   0,0      0      0      0      0      0 0.0000
   0,0      0      0      0      0      0 0.0000
   0,0      0      0      0      0      0 0.0000
   0,0      0      0      0      0      0 0.0000
   0,0      0      0      0      0      0 0.0000
   0,0      0      0      0      0      0 0.0000
   0,0      0      0      0      0      0 0.0000
   0,0      0      0      0      0      0 0.0000
   0,0      0      0      0      0      0 0.0000
   0,0      0      0      0      0      0 0.0000
   0,0      0      0      0      0      0 0.0000
   0,0      0      0      0      0      0 0.0000
   0,0      0      0      0      0      0 0.0000
   0,0      0      0      0      0      0 0.0000
   0,0      0      0      0      0      0 0.0000
   0,0      0      0      0      0      0 0.0000
   0,0      0      0      0      0      0 0.0000
   0,0      0      0      0      0      0 0.0000
   0,0      0      0      0      0      0 0.0000
   0,0      0      0      0      0      0 0.0000
   0,0      0      0      0      0      0 0.0000
   0,0      0      0      0      0      0 0.0000
   0,0      0      0      0      0      0 0.0000
   0,0      0      0      0      0      0 0.0000
   0,0      0      0      0      0      0 0.0000
   0,0      0      0      0      0      0 0.0000
   0,0      0      0      0      0      0 0.0000
   0,0      0      0      0      0      0 0.0000
   0,0      0      0      0      0      0 0.0000
   0,0      0      0      0      0      0 0.0000
   0,0      0      0      0      0      0 0.0000
   0,0      0      0      0      0      0 0.0000
   0,0      0      0      0      0      0 0.0000
   0,0      0      0      0      0      0 0.0000
   0,0      0      0      0      0      0 0.0000
   0,0      0      0      0      0      0 0.0000
   0,0      0      0      0      0      0 0.0000
   0,0      0      0      0      0      0 0.0000
   0,0      0      0      0      0      0 0.0000
   0,0      0      0      0      0      0 0.0000
   0,0      0      0      0      0      0 0.0000
   0,0      0      0      0      0      0 0.0000
   0,0      0      0      0      0      0 0.0000
   0,0      0      0      0      0      0 0.0000
   0,0      0      0      0      0      0 0.0000
   0,0      0      0      0      0      0 0.0000
   0,0      0      0      0      0      0 0.0000
   0,0      0      0      0      0      0 0.0000
   0,0      0      0      0      0      0 0.0000
   0,0      0      0      0      0      0 0.0000
   0,0      0      0      0      0      0 0.0000
   0,0      0      0      0      0      0 0.0000
   0,0      0      0      0      0      0 0.0000
   0,0      0      0      0      0      0 0.0000
   0,0      0      0      0      0      0 0.0000
   0,0      0      0      0      0      0 0.0000
   0,0      0      0      0      0      0 0.0000
   0,0      0      0      0      0      0 0.0000
   0,0      0      0      0      0      0 0.0000
   0,0      0      0      0      0      0 0.0000
   0,0      0      0      0      0      0 0.0000
   0,0      0      0      0      0      0 0.0000
   0,0      0      0      0      0      0 0.0000
   0,0      0      0      0      0      0 0.0000
   0,0      0      0      0      0      0 0.0000
   0,0      0      0      0      0      0 0.0000
   0,0      0      0      0      0      0 0.0000
   0,0      0      0      0      0      0 0.0000
   0,0      0      0      0      0      0 0.0000
   0,0      0      0      0      0      0 0.0000
   0,0      0      0      0      0      0 0.0000
   0,0      0      0      0      0      0 0.0000
   0,0      0      0      0      0      0 0.0000
   0,0      0      0      0      0      0 0.0000
   0,0      0      0      0      0      0 0.0000
   0,0      0      0      0      0      0 0.0000
   0,0      0      0      0      0      0 0.0000
   0,0      0      0      0      0      0 0.0000
   0,0      0      0      0      0      0 0.0000
   0,0      0      0      0      0      0 0.0000
   0,0      0      0      0      0      0 0.0000
   0,0      0      0      0      0      0 0.0000
   0,0      0      0      0      0      0 0.0000
   0,0      0      0      0      0      0 0.0000
   0,0      0      0      0      0      0 0.0000
   0,0      0      0      0      0      0 0.0000
   0,0      0      0      0      0      0 0.0000
   0,0      0      0      0      0      0 0.0000
   0,0      0      0      0      0      0 0.0000
   0,0      0      0      0      0      0 0.0000
   0,0      0      0      0      0      0 0.0000
  -2,0      0      1      0      0      4 0.0251
  -1,0      0      0      0      0      2 0.0105
   0,0      0      0      0      0      0 0.0000
  -1,0      0      0      0      0      2 0.0110
  -1,0      0      0      0      0      1 0.0051
  -1,0      0      0      0      0      1 0.0056
   0,0      0      0      0      0      0 0.0000
   0,0      0      0      1      0      0 0.0052
   0,0      0      0      0      0      0 0.0000
   0,0      0      0      0      0      0 0.0000
   0,0      0      0      1      0      0 0.0052
   0,0      0      0      1      0      0 0.0053
   0,0      0      0      0      0      0 0.0000
   0,0      0      0      0      0      0 0.0000
   0,0      0      0      0      0      0 0.0000
   0,0      0      0      0      0      0 0.0000
   0,0      0      0      0      0      0 0.0000
   0,0      0      0      0      0      0 0.0000
   0,0      0      0      0      0      0 0.0000
  -1,0      1      0      0      0      0 0.0051
   0,0      0      0      0      0      0 0.0000
  -1,0      1      0      0      0      0 0.0052
   0,0      0      0      0      0      0 0.0000
   0,0      0      0      0      0      0 0.0000
   0,0      0      0      0      0      0 0.0000
   0,0      0      0      0      0      0 0.0000
   0,0      0      0      0      0      0 0.0000
   0,0      0      0      0      0      0 0.0000
   0,0      0      0      0      0      0 0.0000
   0,0      0      0      0      0      0 0.0000
   0,0      0      0      0      0      0 0.0000
   0,0      0      0      0      0      0 0.0000
   0,0      0      0      0      0      0 0.0000
   0,0      0      0      0      0      0 0.0000
   0,0      0      0      0      0      0 0.0000
   0,0      0      0      0      0      0 0.0000
   0,0      0      0      0      0      0 0.0000
   0,0      0      0      0      0      0 0.0000
   0,0      0      0      0      0      0 0.0000
   0,0      0      0      0      0      0 0.0000
   0,0      0      0      0      0      0 0.0000
   0,0      0      0      0      0      0 0.0000
   0,0      0      0      0      0      0 0.0000
   0,0      0      0      0      0      0 0.0000
  -1,0      1      0      0      0      0 0.0046
   0,0      0      0      0      0      0 0.0000
   0,0      0      0      0      0      0 0.0000
   0,0      0      0      0      0      0 0.0000
   0,0      0      0      0      0      0 0.0000
   0,0      0      0      0      0      0 0.0000
   0,0      0      0      0      0      0 0.0000
   0,0      0      0      0      0      0 0.0000
   0,0      0      0      0      0      0 0.0000
   0,0      0      0      0      0      0 0.0000
   0,0      0      0      0      0      0 0.0000
   0,0      0      0      0      0      0 0.0000
   0,0      0      0      0      0      0 0.0000
   0,0      0      0      0      0      0 0.0000
   0,0      0      0      0      0      0 0.0000
   0,0      0      0      0      0      0 0.0000
   0,0      0      0      0      0      0 0.0000
   0,0      0      0      0      0      0 0.0000
   0,0      0      0      0      0      0 0.0000
   0,0      0      0      0      0      0 0.0000
   0,0      0      0      0      0      0 0.0000
   0,0      0      0      0      0      0 0.0000
   0,0      0      0      0      0      0 0.0000
   0,0      0      0      0      0      0 0.0000
   0,0      0      0      0      0      0 0.0000
   0,0      0      0      0      0      0 0.0000
   0,0      0      0      0      0      0 0.0000
   0,0      0      0      0      0      0 0.0000
   0,0      0      0      0      0      0 0.0000
   0,0      0      0      0      0      0 0.0000
   0,0      0      0      0      0      0 0.0000
   0,0      0      0      0      0      0 0.0000
   0,0      0      0      0      0      0 0.0000
   0,0      0      0      0      0      0 0.0000
   0,0      0      0      0      0      0 0.0000
   0,0      0      0      0      0      0 0.0000
  -1,0      1      0      0      0      0 0.0045
   0,0      0      0      0      0      0 0.0000
   0,0      0      0      0      0      0 0.0000
   0,0      0      0      0      0      0 0.0000
   0,0      0      0      0      0      0 0.0000
   0,0      0      0      0      0      0 0.0000
   0,0      0      0      0      0      0 0.0000
   0,0      0      0      0      0      0 0.0000
   0,0      0      0      0      0      0 0.0000
   0,0      0      0      0      0      0 0.0000
   0,0      0      0      0      0      0 0.0000
   0,0      0      0      0      0      0 0.0000
   0,0      0      0      0      0      0 0.0000
   0,0      0      0      0      0      0 0.0000
   0,0      0      0      0      0      0 0.0000
   0,0      0      0      0      0      0 0.0000
   0,0      0      0      0      0      0 0.0000
   0,0      0      0      0      0      0 0.0000
   0,0      0      0      0      0      0 0.0000
   0,0      0      0      0      0      0 0.0000
   0,0      0      0      0      0      0 0.0000
   0,0      0      0      0      0      0 0.0000
   0,0      0      0      0      0      0 0.0000
   0,0      0      0      0      0      0 0.0000
   0,0      0      0      0      0      0 0.0000
   0,0      0      0      0      0      0 0.0000
   0,0      0      0      0      0      0 0.0000
   0,0      0      0      0      0      0 0.0000
   0,0      0      0      0      0      0 0.0000
   0,0      0      0      0      0      0 0.0000
   0,0      0      0      0      0      0 0.0000
   0,0      0      0      0      0      0 0.0000
   0,0      0      0      0      0      0 0.0000
   0,0      0      0      0      0      0 0.0000
   0,0      0      0      0      0      0 0.0000
   0,0      0      0      0      0      0 0.0000
   0,0      0      0      0      0      0 0.0000
   0,0      0      0      0      0      0 0.0000
   0,0      0      0      0      0      0 0.0000
   0,0      0      0      0      0      0 0.0000
   0,0      0      0      0      0      0 0.0000
   0,0      0      0      0      0      0 0.0000
   0,0      0      0      0      0      0 0.0000
   0,0      0      0      0      0      0 0.0000
   0,0      0      0      0      0      0 0.0000
  -1,0      3      0      0      0      0 0.0135
   0,0      0      0      0      0      0 0.0000
   0,0      0      0      0      0      0 0.0000
   0,0      0      0      0      0      0 0.0000
   0,0      0      0      0      0      0 0.0000
   0,0      0      0      0      0      0 0.0000
   0,0      0      0      0      0      0 0.0000
   0,0      0      0      0      0      0 0.0000
   0,0      0      0      0      0      0 0.0000
   0,0      0      0      0      0      0 0.0000
   0,0      0      0      0      0      0 0.0000
   0,0      0      0      0      0      0 0.0000
   0,0      0      0      0      0      0 0.0000
  -1,0      1      0      0      0      0 0.0043
   0,0      0      0      0      0      0 0.0000
   0,0      0      0      0      0      0 0.0000
  -1,0      1      0      0      0      0 0.0045
   0,0      0      0      0      0      0 0.0000
   0,0      0      0      0      0      0 0.0000
  -1,0      1      0      0      0      0 0.0048
   0,0      0      0      0      0      0 0.0000
   0,0      0      0      0      0      0 0.0000
  -1,0      1      0      0      0      0 0.0047
   0,0      0      0      0      0      0 0.0000
   0,0      0      0      0      0      0 0.0000
   0,0      0      0      0      0      0 0.0000
   0,0      0      0      0      0      0 0.0000
  -1,0      3      0      0      0      0 0.0138
   0,0      0      0      0      0      0 0.0000
   0,0      0      0      0      0      0 0.0000
   0,0      0      0      0      0      0 0.0000
   0,0      0      0      0      0      0 0.0000
   0,0      0      0      0      0      0 0.0000
   0,0      0      0      0      0      0 0.0000
   0,0      0      0      0      0      0 0.0000
   0,0      0      0      0      0      0 0.0000
   0,0      0      0      0      0      0 0.0000
  -1,0      1      0      0      0      0 0.0045
  -1,0      2      0      0      0      0 0.0091
   0,0      0      0      0      0      0 0.0000
   0,0      0      0      0      0      0 0.0000
   0,0      0      0      0      0      0 0.0000
   0,0      0      0      0      0      0 0.0000
   0,0      0      0      0      0      0 0.0000
   0,0      0      0      0      0      0 0.0000
  -1,0      1      0      0      0      0 0.0047
   0,0      0      0      0      0      0 0.0000
   0,0      0      0      0      0      0 0.0000
   0,0      0      0      0      0      0 0.0000
   0,0      0      0      0      0      0 0.0000
  -1,0      2      0      0      0      0 0.0097
   0,0      0      0      0      0      0 0.0000
   0,0      0      0      0      0      0 0.0000
   0,0      0      0      0      0      0 0.0000
   0,0      0      0      0      0      0 0.0000
   0,0      0      0      0      0      0 0.0000
   0,0      0      0      0      0      0 0.0000
   0,0      0      0      0      0      0 0.0000
   0,0      0      0      0      0      0 0.0000
   0,0      0      0      0      0      0 0.0000
   0,0      0      0      0      0      0 0.0000
   0,0      0      0      0      0      0 0.0000
   0,0      0      0      0      0      0 0.0000
   0,0      0      0      0      0      0 0.0000
   0,0      0      0      0      0      0 0.0000
   0,0      0      0      0      0      0 0.0000
   0,0      0      0      0      0      0 0.0000
  -1,0      2      0      0      0      0 0.0099
   0,0      0      0      0      0      0 0.0000
  -1,0      1      0      0      0      0 0.0045
   0,0      0      0      0      0      0 0.0000
   0,0      0      0      0      0      0 0.0000
   0,0      0      0      0      0      0 0.0000
   0,0      0      0      0      0      0 0.0000
   0,0      0      0      0      0      0 0.0000
   0,0      0      0      0      0      0 0.0000
   0,0      0      0      0      0      0 0.0000
   0,0      0      0      0      0      0 0.0000
   0,1      1      0      0      0      0 0.0044
   0,0      0      0      0      0      0 0.0000
   0,0      0      0      0      0      0 0.0000
   0,0      0      0      0      0      0 0.0000
   0,0      0      0      0      0      0 0.0000
  -1,0      2      0      0      0      0 0.0095
   0,0      0      0      0      0      0 0.0000
  -1,0      1      0      0      0      0 0.0049
   0,0      0      0      0      0      0 0.0000
   0,0      0      0      0      0      0 0.0000
   0,0      0      0      0      0      0 0.0000
   0,0      0      0      0      0      0 0.0000
   0,0      0      0      0      0      0 0.0000
   0,0      0      0      0      0      0 0.0000
   0,0      0      0      0      0      0 0.0000
   0,0      0      0      0      0      0 0.0000
   0,0      0      0      0      0      0 0.0000
   0,0      0      0      0      0      0 0.0000
   0,0      0      0      0      0      0 0.0000
   0,0      0      0      0      0      0 0.0000
   0,0      0      0      0      0      0 0.0000
   0,0      0      0      0      0      0 0.0000
  -1,0      1      0      0      0      0 0.0046
   0,0      0      0      0      0      0 0.0000
   0,0      0      0      0      0      0 0.0000
   0,0      0      0      0      0      0 0.0000
   0,0      0      0      0      0      0 0.0000
   0,0      0      0      0      0      0 0.0000
  -1,0      1      0      0      0      0 0.0046
   0,0      0      0      0      0      0 0.0000
   0,0      0      0      0      0      0 0.0000
   0,0      0      0      0      0      0 0.0000
   0,0      0      0      0      0      0 0.0000
   0,0      0      0      0      0      0 0.0000
   0,0      0      0      0      0      0 0.0000
   0,0      0      0      0      0      0 0.0000
   0,0      0      0      0      0      0 0.0000
   0,0      0      0      0      0      0 0.0000
  -1,0      1      0      0      0      0 0.0045
   0,0      0      0      0      0      0 0.0000
   0,0      0      0      0      0      0 0.0000
   0,0      0      0      0      0      0 0.0000
   0,0      0      0      0      0      0 0.0000
   0,0      0      0      0      0      0 0.0000
   0,0      0      0      0      0      0 0.0000
   0,0      0      0      0      0      0 0.0000
   0,0      0      0      0      0      0 0.0000
   0,0      0      0      0      0      0 0.0000
   0,0      0      0      0      0      0 0.0000
   0,0      0      0      0      0      0 0.0000
   0,0      0      0      0      0      0 0.0000
   0,0      0      0      0      0      0 0.0000
   0,0      0      0      0      0      0 0.0000
   0,0      0      0      0      0      0 0.0000
   0,0      0      0      0      0      0 0.0000
   0,0      0      0      0      0      0 0.0000
   0,0      0      0      0      0      0 0.0000
   0,0      0      0      0      0      0 0.0000
   0,0      0      0      0      0      0 0.0000
   0,0      0      0      0      0      0 0.0000
   0,0      0      0      0      0      0 0.0000
   0,0      0      0      0      0      0 0.0000
   0,0      0      0      0      0      0 0.0000
   0,0      0      0      0      0      0 0.0000
   0,0      0      0      0      0      0 0.0000
   0,0      0      0      0      0      0 0.0000
   0,0      0      0      0      0      0 0.0000
   0,0      0      0      0      0      0 0.0000
   0,0      0      0      0      0      0 0.0000
   0,0      0      0      0      0      0 0.0000
   0,0      0      0      0      0      0 0.0000
  -1,0      1      0      0      0      0 0.0044
   0,0      0      0      0      0      0 0.0000
   0,0      0      0      0      0      0 0.0000
   0,0      0      0      0      0      0 0.0000
   0,0      0      0      0      0      0 0.0000
   0,0      0      0      0      0      0 0.0000
   0,0      0      0      0      0      0 0.0000
   0,0      0      0      0      0      0 0.0000
   0,0      0      0      0      0      0 0.0000
   0,0      0      0      0      0      0 0.0000
   0,0      0      0      0      0      0 0.0000
   0,0      0      0      0      0      0 0.0000
   0,0      0      0      0      0      0 0.0000
   0,0      0      0      0      0      0 0.0000
   0,0      0      0      0      0      0 0.0000
   0,0      0      0      0      0      0 0.0000
   0,0      0      0      0      0      0 0.0000
   0,0      0      0      0      0      0 0.0000
   0,1      1      0      0      0      0 0.0042
   0,0      0      0      0      0      0 0.0000
   0,0      0      0      0      0      0 0.0000
   0,0      0      0      0      0      0 0.0000
   0,0      0      0      0      0      0 0.0000
   0,0      0      0      0      0      0 0.0000
   0,0      0      0      0      0      0 0.0000
   0,0      0      0      0      0      0 0.0000
   0,0      0      0      0      0      0 0.0000
   0,0      0      0      0      0      0 0.0000
   0,0      0      0      0      0      0 0.0000
   0,0      0      0      0      0      0 0.0000
   0,0      0      0      0      0      0 0.0000
   0,0      0      0      0      0      0 0.0000
   0,0      0      0      0      0      0 0.0000
   0,0      0      0      0      0      0 0.0000
   0,0      0      0      0      0      0 0.0000
   0,0      0      0      0      0      0 0.0000
   0,0      0      0      0      0      0 0.0000
   0,0      0      0      0      0      0 0.0000
   0,0      0      0      0      0      0 0.0000
   0,0      0      0      0      0      0 0.0000
   0,0      0      0      0      0      0 0.0000
   0,0      0      0      0      0      0 0.0000
   0,0      0      0      0      0      0 0.0000
   0,0      0      0      0      0      0 0.0000
   0,0      0      0      0      0      0 0.0000
   0,0      0      0      0      0      0 0.0000
   0,0      0      0      0      0      0 0.0000
   0,0      0      0      0      0      0 0.0000
   0,0      0      0      0      0      0 0.0000
   0,0      0      0      0      0      0 0.0000
   0,0      0      0      0      0      0 0.0000
   0,0      0      0      0      0      0 0.0000
   0,0      0      0      0      0      0 0.0000
   0,0      0      0      0      0      0 0.0000
   0,0      0      0      0      0      0 0.0000
   0,0      0      0      0      0      0 0.0000
   0,0      0      0      0      0      0 0.0000
   0,0      0      0      0      0      0 0.0000
   0,0      0      0      0      0      0 0.0000
   0,0      0      0      0      0      0 0.0000
   0,0      0      0      0      0      0 0.0000
   0,0      0      0      0      0      0 0.0000
   0,0      0      0      0      0      0 0.0000
   0,0      0      0      0      0      0 0.0000
   0,0      0      0      0      0      0 0.0000
   0,0      0      0      0      0      0 0.0000
   0,0      0      0      0      0      0 0.0000
   0,0      0      0      0      0      0 0.0000
   0,0      0      0      0      0      0 0.0000
   0,0      0      0      0      0      0 0.0000
   0,0      0      0      0      0      0 0.0000
   0,0      0      0      0      0      0 0.0000
   0,0      0      0      0      0      0 0.0000
  -1,0      1      0      0      0      0 0.0042
   0,0      0      0      0      0      0 0.0000
   0,0      0      0      0      0      0 0.0000
   0,0      0      0      0      0      0 0.0000
   0,0      0      0      0      0      0 0.0000
   0,0      0      0      0      0      0 0.0000
   0,0      0      0      0      0      0 0.0000
   0,0      0      0      0      0      0 0.0000
   0,0      0      0      0      0      0 0.0000
   0,0      0      0      0      0      0 0.0000
   0,0      0      0      0      0      0 0.0000
   0,0      0      0      0      0      0 0.0000
  -1,0      1      0      0      0      0 0.0041
   0,0      0      0      0      0      0 0.0000
   0,0      0      0      0      0      0 0.0000
   0,0      0      0      0      0      0 0.0000
   0,0      0      0      0      0      0 0.0000
   0,0      0      0      0      0      0 0.0000
   0,0      0      0      0      0      0 0.0000
   0,0      0      0      0      0      0 0.0000
   0,0      0      0      0      0      0 0.0000
   0,0      0      0      0      0      0 0.0000
   0,0      0      0      0      0      0 0.0000
   0,0      0      0      0      0      0 0.0000
   0,0      0      0      0      0      0 0.0000
   0,0      0      0      0      0      0 0.0000
   0,0      0      0      0      0      0 0.0000
   0,0      0      0      0      0      0 0.0000
   0,0      0      0      0      0      0 0.0000
   0,0      0      0      0      0      0 0.0000
   0,0      0      0      0      0      0 0.0000
   0,0      0      0      0      0      0 0.0000
   0,0      0      0      0      0      0 0.0000
   0,0      0      0      0      0      0 0.0000
   0,0      0      0      0      0      0 0.0000
   0,0      0      0      0      0      0 0.0000
   0,0      0      0      0      0      0 0.0000
   0,0      0      0      0      0      0 0.0000
   0,0      0      0      0      0      0 0.0000
   0,0      0      0      0      0      0 0.0000
   0,0      0      0      0      0      0 0.0000
   0,0      0      0      0      0      0 0.0000
   0,0      0      0      0      0      0 0.0000
   0,0      0      0      0      0      0 0.0000
   0,0      0      0      0      0      0 0.0000
   0,0      0      0      0      0      0 0.0000
   0,0      0      0      0      0      0 0.0000
   0,0      0      0      0      0      0 0.0000
   0,0      0      0      0      0      0 0.0000
   0,0      0      0      0      0      0 0.0000
   0,0      0      0      0      0      0 0.0000
   0,0      0      0      0      0      0 0.0000
   0,0      0      0      0      0      0 0.0000
   0,0      0      0      0      0      0 0.0000
   0,0      0      0      0      0      0 0.0000
   0,0      0      0      0      0      0 0.0000
   0,0      0      0      0      0      0 0.0000
   0,0      0      0      0      0      0 0.0000
   0,0      0      0      0      0      0 0.0000
   0,0      0      0      0      0      0 0.0000
   0,0      0      0      0      0      0 0.0000
   0,0      0      0      0      0      0 0.0000
   0,0      0      0      0      0      0 0.0000
   0,0      0      0      0      0      0 0.0000
   0,0      0      0      0      0      0 0.0000
   0,0      0      0      0      0      0 0.0000
   0,0      0      0      0      0      0 0.0000
   0,0      0      0      0      0      0 0.0000
   0,0      0      0      0      0      0 0.0000
   0,0      0      0      0      0      0 0.0000
   0,0      0      0      0      0      0 0.0000
   0,0      0      0      0      0      0 0.0000
   0,0      0      0      0      0      0 0.0000
   0,0      0      0      0      0      0 0.0000
   0,0      0      0      0      0      0 0.0000
   0,0      0      0      0      0      0 0.0000
   0,0      0      0      0      0      0 0.0000
   0,0      0      0      0      0      0 0.0000
   0,0      0      0      0      0      0 0.0000
   0,0      0      0      0      0      0 0.0000
   0,0      0      0      0      0      0 0.0000
   0,0      0      0      0      0      0 0.0000
   0,0      0      0      0      0      0 0.0000
   0,0      0      0      0      0      0 0.0000
   0,0      0      0      0      0      0 0.0000
   0,0      0      0      0      0      0 0.0000
   0,0      0      0      0      0      0 0.0000
   0,0      0      0      0      0      0 0.0000
   0,0      0      0      0      0      0 0.0000
   0,1      2      0      0      0      0 0.0096
   0,0      0      0      0      0      0 0.0000
   0,0      0      0      0      0      0 0.0000
   0,0      0      0      0      0      0 0.0000
   0,0      0      0      0      0      0 0.0000
   0,0      0      0      0      0      0 0.0000
   0,0      0      0      0      0      0 0.0000
   0,0      0      0      0      0      0 0.0000
  -1,0      1      0      0      0      0 0.0051
   0,0      0      0      0      0      0 0.0000
  -1,0      2      0      0      0      0 0.0082
  -1,0      1      0      0      0      0 0.0046
   0,0      0      0      0      0      0 0.0000
   0,0      0      0      0      0      0 0.0000
   0,0      0      0      0      0      0 0.0000
   0,0      0      0      0      0      0 0.0000
   0,0      0      0      0      0      0 0.0000
   0,0      0      0      0      0      0 0.0000
   0,0      0      0      0      0      0 0.0000
   0,0      0      0      0      0      0 0.0000
  -1,0      1      0      0      0      0 0.0041
   0,0      0      0      0      0      0 0.0000
   0,0      0      0      0      0      0 0.0000
   0,0      0      0      0      0      0 0.0000
   0,0      0      0      0      0      0 0.0000
   0,0      0      0      0      0      0 0.0000
   0,0      0      0      0      0      0 0.0000
   0,0      0      0      0      0      0 0.0000
   0,0      0      0      0      0      0 0.0000
   0,0      0      0      0      0      0 0.0000
   0,0      0      0      0      0      0 0.0000
  -1,0      1      0      0      0      0 0.0044
   0,0      0      0      0      0      0 0.0000
   0,0      0      0      0      0      0 0.0000
   0,0      0      0      0      0      0 0.0000
   0,0      0      0      0      0      0 0.0000
  -1,0      2      0      0      0      0 0.0095
   0,0      0      0      0      0      0 0.0000
   0,0      0      0      0      0      0 0.0000
   0,0      0      0      0      0      0 0.0000
   0,0      0      0      0      0      0 0.0000
   0,0      0      0      0      0      0 0.0000
   0,0      0      0      0      0      0 0.0000
   0,0      0      0      0      0      0 0.0000
   0,0      0      0      0      0      0 0.0000
   0,0      0      0      0      0      0 0.0000
   0,0      0      0      0      0      0 0.0000
   0,0      0      0      0      0      0 0.0000
   0,0      0      0      0      0      0 0.0000
  -1,0      0      0      1      0      1 0.0085
   0,0      0      0      0      0      0 0.0000
  -1,0      0      0      0      0      1 0.0045
   0,0      0      0      1      0      0 0.0042
   0,0      0      0      0      0      0 0.0000
   0,0      0      0      0      0      0 0.0000
   0,0      0      0      0      0      0 0.0000
   0,0      0      0      2      0      0 0.0085
  -1,0      0      0      0      0      1 0.0043
   0,0      0      0      1      0      0 0.0043
  -1,0      1      0      0      0      0 0.0047
   0,0      0      0      0      0      0 0.0000
   0,0      0      0      0      0      0 0.0000
   0,0      0      0      0      0      0 0.0000
  -1,0      1      0      0      0      0 0.0041
   0,0      0      0      0      0      0 0.0000
   0,0      0      0      0      0      0 0.0000
   0,0      0      0      0      0      0 0.0000
   0,0      0      0      0      0      0 0.0000
   0,0      0      0      0      0      0 0.0000
   0,0      0      0      0      0      0 0.0000
   0,0      0      0      0      0      0 0.0000
   0,0      0      0      0      0      0 0.0000
   0,0      0      0      0      0      0 0.0000
   0,0      0      0      0      0      0 0.0000
   0,0      0      0      0      0      0 0.0000
   0,0      0      0      0      0      0 0.0000
   0,0      0      0      0      0      0 0.0000
  -1,0      1      0      0      0      0 0.0043
   0,0      0      0      0      0      0 0.0000
   0,0      0      0      0      0      0 0.0000
   0,0      0      0      0      0      0 0.0000
   0,0      0      0      0      0      0 0.0000
  -1,0      1      0      0      0      0 0.0044
   0,0      0      0      0      0      0 0.0000
   0,0      0      0      0      0      0 0.0000
   0,0      0      0      0      0      0 0.0000
   0,0      0      0      0      0      0 0.0000
   0,0      0      0      0      0      0 0.0000
   0,0      0      0      0      0      0 0.0000
   0,0      0      0      0      0      0 0.0000
   0,0      0      0      0      0      0 0.0000
   0,0      0      0      0      0      0 0.0000
   0,0      0      0      0      0      0 0.0000
   0,0      0      0      0      0      0 0.0000
   0,0      0      0      0      0      0 0.0000
   0,0      0      0      0      0      0 0.0000
   0,0      0      0      0      0      0 0.0000
   0,0      0      0      0      0      0 0.0000
   0,0      0      0      0      0      0 0.0000
   0,0      0      0      0      0      0 0.0000
   0,0      0      0      0      0      0 0.0000
   0,0      0      0      0      0      0 0.0000
   0,0      0      0      0      0      0 0.0000
   0,0      0      0      0      0      0 0.0000
   0,0      0      0      0      0      0 0.0000
   0,0      0      0      0      0      0 0.0000
   0,0      0      0      0      0      0 0.0000
   0,0      0      0      0      0      0 0.0000
   0,0      0      0      0      0      0 0.0000
   0,0      0      0      0      0      0 0.0000
   0,0      0      0      0      0      0 0.0000
   0,0      0      0      0      0      0 0.0000
   0,0      0      0      0      0      0 0.0000
   0,0      0      0      0      0      0 0.0000
   0,0      0      0      0      0      0 0.0000
   0,0      0      0      0      0      0 0.0000
   0,0      0      0      0      0      0 0.0000
  -1,0      1      0      0      0      0 0.0040
   0,0      0      0      0      0      0 0.0000
   0,0      0      0      0      0      0 0.0000
   0,0      0      0      0      0      0 0.0000
   0,0      0      0      0      0      0 0.0000
   0,0      0      0      0      0      0 0.0000
   0,0      0      0      0      0      0 0.0000
   0,0      0      0      0      0      0 0.0000
  -1,0      1      0      0      0      0 0.0043
   0,0      0      0      0      0      0 0.0000
   0,0      0      0      0      0      0 0.0000
   0,0      0      0      0      0      0 0.0000
   0,0      0      0      0      0      0 0.0000
   0,0      0      0      0      0      0 0.0000
   0,0      0      0      0      0      0 0.0000
   0,0      0      0      0      0      0 0.0000
   0,0      0      0      0      0      0 0.0000
   0,0      0      0      0      0      0 0.0000
   0,0      0      0      0      0      0 0.0000
   0,0      0      0      0      0      0 0.0000
   0,0      0      0      0      0      0 0.0000
   0,0      0      0      0      0      0 0.0000
   0,0      0      0      0      0      0 0.0000
   0,0      0      0      0      0      0 0.0000
   0,0      0      0      0      0      0 0.0000
   0,0      0      0      0      0      0 0.0000
   0,0      0      0      0      0      0 0.0000
   0,0      0      0      0      0      0 0.0000
   0,0      0      0      0      0      0 0.0000
   0,0      0      0      0      0      0 0.0000
   0,0      0      0      0      0      0 0.0000
   0,0      0      0      0      0      0 0.0000
   0,1      1      0      0      0      0 0.0047
   0,0      0      0      0      0      0 0.0000
   0,0      0      0      0      0      0 0.0000
   0,0      0      0      0      0      0 0.0000
   0,0      0      0      0      0      0 0.0000
   0,0      0      0      0      0      0 0.0000
   0,0      0      0      0      0      0 0.0000
   0,0      0      0      0      0      0 0.0000
   0,0      0      0      0      0      0 0.0000
   0,0      0      0      0      0      0 0.0000
   0,0      0      0      0      0      0 0.0000
  -1,0      2      0      0      0      0 0.0093
   0,0      0      0      0      0      0 0.0000
   0,0      0      0      0      0      0 0.0000
   0,0      0      0      0      0      0 0.0000
   0,0      0      0      0      0      0 0.0000
   0,0      0      0      0      0      0 0.0000
   0,0      0      0      0      0      0 0.0000
   0,0      0      0      0      0      0 0.0000
   0,0      0      0      0      0      0 0.0000
   0,0      0      0      0      0      0 0.0000
   0,0      0      0      0      0      0 0.0000
   0,0      0      0      0      0      0 0.0000
   0,0      0      0      0      0      0 0.0000
   0,0      0      0      0      0      0 0.0000
   0,0      0      0      0      0      0 0.0000
   0,0      0      0      0      0      0 0.0000
   0,0      0      0      0      0      0 0.0000
   0,0      0      0      0      0      0 0.0000
   0,0      0      0      0      0      0 0.0000
   0,0      0      0      0      0      0 0.0000
   0,0      0      0      0      0      0 0.0000
   0,0      0      0      0      0      0 0.0000
   0,0      0      0      0      0      0 0.0000
   0,0      0      0      0      0      0 0.0000
   0,0      0      0      0      0      0 0.0000
   0,0      0      0      0      0      0 0.0000
   0,0      0      0      0      0      0 0.0000
   0,0      0      0      0      0      0 0.0000
   0,0      0      0      0      0      0 0.0000
   0,0      0      0      0      0      0 0.0000
   0,0      0      0      0      0      0 0.0000
   0,0      0      0      0      0      0 0.0000
   0,0      0      0      0      0      0 0.0000
   0,0      0      0      0      0      0 0.0000
   0,0      0      0      0      0      0 0.0000
   0,1      1      0      0      0      0 0.0044
   0,0      0      0      0      0      0 0.0000
   0,0      0      0      0      0      0 0.0000
   0,0      0      0      0      0      0 0.0000
   0,0      0      0      0      0      0 0.0000
   0,0      0      0      0      0      0 0.0000
   0,0      0      0      0      0      0 0.0000
  -1,0      1      0      0      0      0 0.0039
   0,0      0      0      0      0      0 0.0000
   0,0      0      0      0      0      0 0.0000
   0,0      0      0      0      0      0 0.0000
   0,0      0      0      0      0      0 0.0000
   0,0      0      0      0      0      0 0.0000
  -1,0      1      0      0      0      0 0.0045
   0,0      0      0      0      0      0 0.0000
   0,0      0      0      0      0      0 0.0000
   0,0      0      0      0      0      0 0.0000
   0,0      0      0      0      0      0 0.0000
   0,0      0      0      0      0      0 0.0000
   0,0      0      0      0      0      0 0.0000
   0,0      0      0      0      0      0 0.0000
  -1,0      1      0      0      0      0 0.0043
   0,0      0      0      0      0      0 0.0000
   0,0      0      0      0      0      0 0.0000
   0,0      0      0      0      0      0 0.0000
   0,0      0      0      0      0      0 0.0000
   0,0      0      0      0      0      0 0.0000
   0,0      0      0      0      0      0 0.0000
   0,0      0      0      0      0      0 0.0000
   0,0      0      0      0      0      0 0.0000
   0,0      0      0      0      0      0 0.0000
   0,0      0      0      0      0      0 0.0000
   0,0      0      0      0      0      0 0.0000
   0,0      0      0      0      0      0 0.0000
   0,0      0      0      0      0      0 0.0000
   0,0      0      0      0      0      0 0.0000
   0,0      0      0      0      0      0 0.0000
   0,0      0      0      0      0      0 0.0000
   0,0      0      0      0      0      0 0.0000
  -1,0      1      0      0      0      0 0.0042
   0,0      0      0      0      0      0 0.0000
   0,0      0      0      0      0      0 0.0000
   0,0      0      0      0      0      0 0.0000
   0,0      0      0      0      0      0 0.0000
   0,0      0      0      0      0      0 0.0000
   0,0      0      0      0      0      0 0.0000
   0,0      0      0      0      0      0 0.0000
   0,0      0      0      0      0      0 0.0000
   0,0      0      0      0      0      0 0.0000
   0,0      0      0      0      0      0 0.0000
   0,0      0      0      0      0      0 0.0000
   0,0      0      0      0      0      0 0.0000
   0,0      0      0      0      0      0 0.0000
   0,0      0      0      0      0      0 0.0000
   0,0      0      0      0      0      0 0.0000
   0,0      0      0      0      0      0 0.0000
   0,0      0      0      0      0      0 0.0000
   0,0      0      0      0      0      0 0.0000
   0,0      0      0      0      0      0 0.0000
   0,0      0      0      0      0      0 0.0000
   0,0      0      0      0      0      0 0.0000
   0,0      0      0      0      0      0 0.0000
   0,0      0      0      0      0      0 0.0000
   0,0      0      0      0      0      0 0.0000
   0,0      0      0      0      0      0 0.0000
   0,0      0      0      0      0      0 0.0000
   0,0      0      0      0      0      0 0.0000
   0,0      0      0      0      0      0 0.0000
   0,0      0      0      0      0      0 0.0000
   0,0      0      0      0      0      0 0.0000
   0,0      0      0      1      0      0 0.0048
   0,0      0      0      0      0      0 0.0000
   0,0      0      0      0      0      0 0.0000
   0,0      0      0      0      0      0 0.0000
   0,0      0      0      0      0      0 0.0000
   0,0      0      0      0      0      0 0.0000
   0,0      0      0      0      0      0 0.0000
   0,0      0      0      0      0      0 0.0000
   0,0      0      0      0      0      0 0.0000
   0,0      0      0      0      0      0 0.0000
   0,0      0      0      0      0      0 0.0000
   0,0      0      0      0      0      0 0.0000
   0,0      0      0      0      0      0 0.0000
   0,0      0      0      0      0      0 0.0000
   0,0      0      0      0      0      0 0.0000
   0,0      0      0      0      0      0 0.0000
   0,0      0      0      0      0      0 0.0000
   0,0      0      0      0      0      0 0.0000
   0,0      0      0      0      0      0 0.0000
   0,0      0      0      0      0      0 0.0000
   0,0      0      0      0      0      0 0.0000
   0,0      0      0      0      0      0 0.0000
   0,0      0      0      0      0      0 0.0000
   0,0      0      0      0      0      0 0.0000
   0,0      0      0      0      0      0 0.0000
   0,0      0      0      0      0      0 0.0000
  -1,0      1      0      0      0      0 0.0044
   0,0      0      0      0      0      0 0.0000
   0,0      0      0      0      0      0 0.0000
   0,0      0      0      0      0      0 0.0000
   0,0      0      0      0      0      0 0.0000
   0,0      0      0      0      0      0 0.0000
   0,0      0      0      0      0      0 0.0000
   0,0      0      0      0      0      0 0.0000
   0,0      0      0      0      0      0 0.0000
   0,0      0      0      0      0      0 0.0000
   0,0      0      0      0      0      0 0.0000
   0,0      0      0      0      0      0 0.0000
   0,0      0      0      0      0      0 0.0000
   0,0      0      0      0      0      0 0.0000
   0,0      0      0      0      0      0 0.0000
   0,0      0      0      0      0      0 0.0000
   0,0      0      0      0      0      0 0.0000
   0,0      0      0      0      0      0 0.0000
   0,0      0      0      0      0      0 0.0000
   0,0      0      0      0      0      0 0.0000
   0,0      0      0      0      0      0 0.0000
   0,0      0      0      0      0      0 0.0000
   0,0      0      0      0      0      0 0.0000
   0,0      0      0      0      0      0 0.0000
   0,0      0      0      0      0      0 0.0000
   0,0      0      0      0      0      0 0.0000
   0,0      0      0      0      0      0 0.0000
   0,0      0      0      0      0      0 0.0000
   0,0      0      0      0      0      0 0.0000
   0,0      0      0      0      0      0 0.0000
   0,0      0      0      0      0      0 0.0000
   0,0      0      0      0      0      0 0.0000
   0,0      0      0      0      0      0 0.0000
   0,0      0      0      0      0      0 0.0000
   0,0      0      0      0      0      0 0.0000
   0,0      0      0      0      0      0 0.0000
   0,0      0      0      0      0      0 0.0000
   0,0      0      0      0      0      0 0.0000
   0,0      0      0      0      0      0 0.0000
   0,0      0      0      0      0      0 0.0000
   0,0      0      0      0      0      0 0.0000
   0,0      0      0      0      0      0 0.0000
   0,0      0      0      0      0      0 0.0000
   0,0      0      0      0      0      0 0.0000
   0,0      0      0      0      0      0 0.0000
   0,0      0      0      0      0      0 0.0000
   0,0      0      0      0      0      0 0.0000
   0,0      0      0      0      0      0 0.0000
   0,0      0      0      0      0      0 0.0000
   0,0      0      0      0      0      0 0.0000
   0,0      0      0      0      0      0 0.0000
   0,0      0      0      0      0      0 0.0000
   0,0      0      0      0      0      0 0.0000
   0,0      0      0      0      0      0 0.0000
   0,0      0      0      0      0      0 0.0000
   0,0      0      0      0      0      0 0.0000
   0,0      0      0      0      0      0 0.0000
   0,0      0      0      0      0      0 0.0000
   0,0      0      0      0      0      0 0.0000
   0,0      0      0      0      0      0 0.0000
   0,0      0      0      0      0      0 0.0000
   0,0      0      0      0      0      0 0.0000
   0,0      0      0      0      0      0 0.0000
   0,0      0      0      0      0      0 0.0000
   0,0      0      0      0      0      0 0.0000
   0,0      0      0      0      0      0 0.0000
   0,0      0      0      0      0      0 0.0000
   0,0      0      0      0      0      0 0.0000
   0,0      0      0      0      0      0 0.0000
   0,0      0      0      0      0      0 0.0000
   0,0      0      0      0      0      0 0.0000
   0,0      0      0      0      0      0 0.0000
   0,0      0      0      0      0      0 0.0000
   0,0      0      0      0      0      0 0.0000
   0,0      0      0      0      0      0 0.0000
   0,0      0      0      0      0      0 0.0000
   0,0      0      0      0      0      0 0.0000
   0,0      0      0      0      0      0 0.0000
   0,0      0      0      0      0      0 0.0000
   0,0      0      0      0      0      0 0.0000
   0,0      0      0      0      0      0 0.0000
   0,0      0      0      0      0      0 0.0000
   0,0      0      0      0      0      0 0.0000
   0,0      0      0      0      0      0 0.0000
   0,0      0      0      0      0      0 0.0000
   0,0      0      0      0      0      0 0.0000
   0,0      0      0      0      0      0 0.0000
   0,0      0      0      0      0      0 0.0000
   0,0      0      0      0      0      0 0.0000
   0,0      0      0      0      0      0 0.0000
   0,0      0      0      0      0      0 0.0000
  -1,0      1      0      0      0      0 0.0045
   0,0      0      0      0      0      0 0.0000
   0,0      0      0      0      0      0 0.0000
   0,0      0      0      0      0      0 0.0000
   0,0      0      0      0      0      0 0.0000
   0,0      0      0      0      0      0 0.0000
   0,0      0      0      0      0      0 0.0000
   0,0      0      0      0      0      0 0.0000
   0,0      0      0      0      0      0 0.0000
   0,0      0      0      0      0      0 0.0000
   0,0      0      0      0      0      0 0.0000
   0,0      0      0      0      0      0 0.0000
   0,0      0      0      0      0      0 0.0000
   0,0      0      0      0      0      0 0.0000
   0,0      0      0      0      0      0 0.0000
   0,0      0      0      0      0      0 0.0000
   0,0      0      0      0      0      0 0.0000
   0,0      0      0      0      0      0 0.0000
   0,0      0      0      0      0      0 0.0000
   0,0      0      0      0      0      0 0.0000
   0,0      0      0      0      0      0 0.0000
   0,0      0      0      0      0      0 0.0000
   0,0      0      0      0      0      0 0.0000
   0,0      0      0      0      0      0 0.0000
   0,0      0      0      0      0      0 0.0000
   0,0      0      0      0      0      0 0.0000
   0,0      0      0      0      0      0 0.0000
   0,0      0      0      0      0      0 0.0000
   0,0      0      0      0      0      0 0.0000
   0,0      0      0      0      0      0 0.0000
   0,0      0      0      0      0      0 0.0000
   0,0      0      0      0      0      0 0.0000
   0,0      0      0      0      0      0 0.0000
   0,0      0      0      0      0      0 0.0000
   0,0      0      0      0      0      0 0.0000
   0,0      0      0      0      0      0 0.0000
   0,0      0      0      0      0      0 0.0000
   0,0      0      0      0      0      0 0.0000
   0,0      0      0      0      0      0 0.0000
   0,0      0      0      0      0      0 0.0000
   0,0      0      0      0      0      0 0.0000
   0,0      0      0      0      0      0 0.0000
   0,0      0      0      0      0      0 0.0000
   0,0      0      0      0      0      0 0.0000
   0,0      0      0      0      0      0 0.0000
   0,0      0      0      0      0      0 0.0000
   0,0      0      0      0      0      0 0.0000
   0,0      0      0      0      0      0 0.0000
   0,0      0      0      0      0      0 0.0000
   0,0      0      0      0      0      0 0.0000
   0,0      0      0      0      0      0 0.0000
   0,0      0      0      0      0      0 0.0000
   0,0      0      0      0      0      0 0.0000
  -1,0      1      0      0      0      0 0.0045
   0,0      0      0      0      0      0 0.0000
   0,0      0      0      0      0      0 0.0000
   0,0      0      0      0      0      0 0.0000
   0,0      0      0      0      0      0 0.0000
   0,0      0      0      0      0      0 0.0000
   0,0      0      0      0      0      0 0.0000
   0,0      0      0      0      0      0 0.0000
   0,0      0      0      0      0      0 0.0000
   0,0      0      0      0      0      0 0.0000
   0,0      0      0      0      0      0 0.0000
   0,0      0      0      0      0      0 0.0000
   0,0      0      0      0      0      0 0.0000
   0,0      0      0      0      0      0 0.0000
   0,0      0      0      0      0      0 0.0000
   0,0      0      0      0      0      0 0.0000
   0,0      0      0      0      0      0 0.0000
   0,0      0      0      0      0      0 0.0000
   0,0      0      0      0      0      0 0.0000
   0,0      0      0      0      0      0 0.0000
   0,0      0      0      0      0      0 0.0000
   0,0      0      0      0      0      0 0.0000
   0,0      0      0      0      0      0 0.0000
   0,0      0      0      0      0      0 0.0000
   0,0      0      0      0      0      0 0.0000
   0,0      0      0      0      0      0 0.0000
   0,0      0      0      0      0      0 0.0000
   0,0      0      0      0      0      0 0.0000
   0,0      0      0      0      0      0 0.0000
   0,0      0      0      0      0      0 0.0000
   0,0      0      0      0      0      0 0.0000
   0,0      0      0      0      0      0 0.0000
   0,0      0      0      0      0      0 0.0000
   0,0      0      0      0      0      0 0.0000
   0,0      0      0      0      0      0 0.0000
   0,0      0      0      0      0      0 0.0000
   0,0      0      0      0      0      0 0.0000
   0,0      0      0      0      0      0 0.0000
   0,0      0      0      0      0      0 0.0000
   0,0      0      0      0      0      0 0.0000
   0,0      0      0      0      0      0 0.0000
   0,0      0      0      0      0      0 0.0000
   0,0      0      0      0      0      0 0.0000
   0,0      0      0      0      0      0 0.0000
   0,0      0      0      0      0      0 0.0000
   0,0      0      0      0      0      0 0.0000
   0,0      0      0      0      0      0 0.0000
   0,0      0      0      0      0      0 0.0000
   0,0      0      0      0      0      0 0.0000
   0,0      0      0      0      0      0 0.0000
  -1,0      1      0      0      0      0 0.0049
   0,0      0      0      0      0      0 0.0000
   0,0      0      0      0      0      0 0.0000
   0,0      0      0      0      0      0 0.0000
   0,0      0      0      0      0      0 0.0000
   0,0      0      0      0      0      0 0.0000
   0,0      0      0      0      0      0 0.0000
   0,0      0      0      0      0      0 0.0000
   0,0      0      0      0      0      0 0.0000
   0,0      0      0      0      0      0 0.0000
   0,0      0      0      0      0      0 0.0000
   0,0      0      0      0      0      0 0.0000
   0,0      0      0      0      0      0 0.0000
   0,0      0      0      0      0      0 0.0000
   0,0      0      0      0      0      0 0.0000
   0,0      0      0      0      0      0 0.0000
   0,0      0      0      0      0      0 0.0000
   0,0      0      0      0      0      0 0.0000
   0,0      0      0      0      0      0 0.0000
   0,0      0      0      0      0      0 0.0000
   0,0      0      0      0      0      0 0.0000
   0,0      0      0      0      0      0 0.0000
   0,0      0      0      0      0      0 0.0000
   0,0      0      0      0      0      0 0.0000
   0,0      0      0      0      0      0 0.0000
   0,0      0      0      0      0      0 0.0000
   0,0      0      0      0      0      0 0.0000
   0,0      0      0      0      0      0 0.0000
   0,0      0      0      0      0      0 0.0000
   0,0      0      0      0      0      0 0.0000
   0,0      0      0      0      0      0 0.0000
   0,0      0      0      0      0      0 0.0000
   0,0      0      0      0      0      0 0.0000
  -1,0      0      0      0      0      1 0.0050
   0,0      0      0      1      0      0 0.0047
   0,0      0      0      0      0      0 0.0000
   0,0      0      0      0      0      0 0.0000
   0,0      0      0      0      0      0 0.0000
   0,0      0      0      0      0      0 0.0000
  -1,0      0      0      0      0      1 0.0042
   0,0      0      0      0      0      0 0.0000
   0,0      0      0      1      0      0 0.0044
   0,0      0      0      1      0      0 0.0046
  -1,0      0      0      0      0      1 0.0040
   0,0      0      0      0      0      0 0.0000
  -1,0      2      0      1      0      0 0.0134
   0,0      0      0      0      0      0 0.0000
   0,0      0      0      0      0      0 0.0000
   0,0      0      0      0      0      0 0.0000
   0,0      0      0      0      0      0 0.0000
   0,0      0      0      0      0      0 0.0000
   0,0      0      0      0      0      0 0.0000
   0,0      0      0      1      0      0 0.0040
   0,0      0      0      2      0      0 0.0082
   0,0      0      0      0      0      0 0.0000
  -1,0      0      0      0      0      1 0.0040
   0,0      0      0      0      0      0 0.0000
   0,0      0      0      1      0      0 0.0042
   0,0      0      0      1      0      0 0.0040
   0,0      0      0      2      0      0 0.0090
   0,0      0      0      1      0      0 0.0044
   0,0      0      0      0      0      0 0.0000
   0,0      0      0      0      0      0 0.0000
   0,0      0      0      0      0      0 0.0000
   0,0      0      0      0      0      0 0.0000
  -1,0      0      0      0      0      1 0.0043
   0,0      0      0      1      0      0 0.0042
   0,0      0      0      0      0      0 0.0000
   0,0      0      0      0      0      0 0.0000
   0,0      0      0      0      0      0 0.0000
   0,0      0      0      0      0      0 0.0000
   0,0      0      0      0      0      0 0.0000
  -1,0      1      0      0      0      0 0.0043
   0,0      0      0      0      0      0 0.0000
   0,0      0      0      0      0      0 0.0000
   0,0      0      0      0      0      0 0.0000
   0,0      0      0      0      0      0 0.0000
   0,0      0      0      0      0      0 0.0000
   0,0      0      0      0      0      0 0.0000
   0,0      0      0      0      0      0 0.0000
   0,0      0      0      0      0      0 0.0000
   0,0      0      0      0      0      0 0.0000
   0,0      0      0      0      0      0 0.0000
   0,0      0      0      0      0      0 0.0000
   0,0      0      0      0      0      0 0.0000
   0,0      0      0      0      0      0 0.0000
   0,0      0      0      0      0      0 0.0000
   0,0      0      0      0      0      0 0.0000
   0,0      0      0      0      0      0 0.0000
   0,0      0      0      0      0      0 0.0000
   0,0      0      0      0      0      0 0.0000
   0,0      0      0      0      0      0 0.0000
   0,0      0      0      0      0      0 0.0000
   0,0      0      0      0      0      0 0.0000
   0,0      0      0      0      0      0 0.0000
   0,0      0      0      0      0      0 0.0000
   0,0      0      0      0      0      0 0.0000
   0,0      0      0      0      0      0 0.0000
  -1,0      1      0      0      0      0 0.0051
   0,0      0      0      0      0      0 0.0000
   0,0      0      0      0      0      0 0.0000
   0,0      0      0      0      0      0 0.0000
   0,0      0      0      0      0      0 0.0000
   0,0      0      0      0      0      0 0.0000
   0,0      0      0      0      0      0 0.0000
   0,0      0      0      0      0      0 0.0000
   0,0      0      0      0      0      0 0.0000
   0,0      0      0      0      0      0 0.0000
   0,0      0      0      0      0      0 0.0000
   0,0      0      0      0      0      0 0.0000
   0,0      0      0      0      0      0 0.0000
   0,0      0      0      0      0      0 0.0000
   0,0      0      0      0      0      0 0.0000
  -1,0      0      0      0      0      1 0.0044
  -1,0      1      0      0      0      0 0.0047
   0,0      0      0      0      0      0 0.0000
  -2,0      0      3      0      0      1 0.0192
  -1,0      0      0      0      0      4 0.0182
  -1,0      0      0      1      0      2 0.0141
  -1,0      0      0      0      0      3 0.0135
   0,0      0      0      1      0      0 0.0047
   0,0      0      0      0      0      0 0.0000
   0,0      0      0      0      0      0 0.0000
   0,0      0      0      0      0      0 0.0000
   0,0      0      0      0      0      0 0.0000
   0,0      0      0      0      0      0 0.0000
   0,0      0      0      0      0      0 0.0000
   0,0      0      0      0      0      0 0.0000
   0,0      0      0      0      0      0 0.0000
   0,0      0      0      0      0      0 0.0000
   0,0      0      0      0      0      0 0.0000
   0,0      0      0      0      0      0 0.0000
   0,0      0      0      0      0      0 0.0000
   0,0      0      0      0      0      0 0.0000
   0,0      0      0      0      0      0 0.0000
   0,0      0      0      0      0      0 0.0000
   0,0      0      0      0      0      0 0.0000
   0,0      0      0      0      0      0 0.0000
   0,0      0      0      0      0      0 0.0000
   0,0      0      0      0      0      0 0.0000
   0,0      0      0      0      0      0 0.0000
   0,0      0      0      0      0      0 0.0000
   0,0      0      0      0      0      0 0.0000
   0,0      0      0      0      0      0 0.0000
   0,0      0      0      0      0      0 0.0000
   0,0      0      0      0      0      0 0.0000
   0,0      0      0      0      0      0 0.0000
   0,0      0      0      0      0      0 0.0000
   0,0      0      0      0      0      0 0.0000
   0,0      0      0      0      0      0 0.0000
   0,0      0      0      0      0      0 0.0000
   0,0      0      0      0      0      0 0.0000
   0,0      0      0      0      0      0 0.0000
   0,0      0      0      0      0      0 0.0000
   0,0      0      0      0      0      0 0.0000
   0,0      0      0      0      0      0 0.0000
   0,0      0      0      0      0      0 0.0000
   0,0      0      0      0      0      0 0.0000
   0,0      0      0      0      0      0 0.0000
   0,0      0      0      0      0      0 0.0000
   0,0      0      0      0      0      0 0.0000
   0,0      0      0      0      0      0 0.0000
  -1,0      0      0      0      0      1 0.0043
   0,0      0      0      0      0      0 0.0000
   0,0      0      0      0      0      0 0.0000
   0,0      0      0      0      0      0 0.0000
   0,0      0      0      0      0      0 0.0000
   0,0      0      0      0      0      0 0.0000
   0,0      0      0      0      0      0 0.0000
   0,0      0      0      0      0      0 0.0000
   0,0      0      0      0      0      0 0.0000
   0,0      0      0      0      0      0 0.0000
   0,0      0      0      0      0      0 0.0000
   0,0      0      0      0      0      0 0.0000
   0,0      0      0      0      0      0 0.0000
   0,0      0      0      0      0      0 0.0000
   0,0      0      0      0      0      0 0.0000
   0,0      0      0      0      0      0 0.0000
   0,0      0      0      0      0      0 0.0000
   0,0      0      0      0      0      0 0.0000
   0,0      0      0      0      0      0 0.0000
   0,0      0      0      0      0      0 0.0000
   0,0      0      0      0      0      0 0.0000
   0,0      0      0      0      0      0 0.0000
   0,0      0      0      0      0      0 0.0000
   0,0      0      0      0      0      0 0.0000
   0,0      0      0      0      0      0 0.0000
   0,0      0      0      0      0      0 0.0000
   0,0      0      0      0      0      0 0.0000
   0,0      0      0      0      0      0 0.0000
   0,0      0      0      0      0      0 0.0000
   0,0      0      0      0      0      0 0.0000
   0,0      0      0      0      0      0 0.0000
  -1,0      2      0      0      0      0 0.0097
   0,0      0      0      0      0      0 0.0000
   0,0      0      0      0      0      0 0.0000
   0,0      0      0      0      0      0 0.0000
  -1,0      1      0      0      0      0 0.0045
   0,0      0      0      0      0      0 0.0000
   0,0      0      0      0      0      0 0.0000
   0,0      0      0      0      0      0 0.0000
  -1,0      1      0      0      0      0 0.0044
   0,0      0      0      0      0      0 0.0000
  -1,0      2      0      0      0      0 0.0086
   0,0      0      0      0      0      0 0.0000
  -1,0      1      0      0      0      0 0.0049
  -1,0      3      0      0      0      0 0.0137
  -1,0      2      0      0      0      0 0.0086
   0,0      0      0      0      0      0 0.0000
  -1,0      3      0      0      0      0 0.0130
   0,0      0      0      0      0      0 0.0000
   0,0      0      0      0      0      0 0.0000
   0,0      0      0      0      0      0 0.0000
   0,0      0      0      0      0      0 0.0000
   0,0      0      0      0      0      0 0.0000
   0,0      0      0      0      0      0 0.0000
   0,0      0      0      0      0      0 0.0000
   0,0      0      0      0      0      0 0.0000
   0,0      0      0      0      0      0 0.0000
   0,0      0      0      0      0      0 0.0000
   0,0      0      0      0      0      0 0.0000
   0,0      0      0      0      0      0 0.0000
   0,0      0      0      0      0      0 0.0000
   0,0      0      0      0      0      0 0.0000
   0,0      0      0      0      0      0 0.0000
   0,0      0      0      0      0      0 0.0000
   0,0      0      0      0      0      0 0.0000
   0,0      0      0      0      0      0 0.0000
   0,0      0      0      0      0      0 0.0000
   0,0      0      0      0      0      0 0.0000
   0,0      0      0      0      0      0 0.0000
   0,0      0      0      0      0      0 0.0000
  -1,0      1      0      0      0      0 0.0050
   0,0      0      0      0      0      0 0.0000
   0,0      0      0      0      0      0 0.0000
   0,0      0      0      0      0      0 0.0000
   0,0      0      0      0      0      0 0.0000
   0,0      0      0      0      0      0 0.0000
   0,0      0      0      0      0      0 0.0000
   0,0      0      0      0      0      0 0.0000
   0,0      0      0      0      0      0 0.0000
   0,0      0      0      0      0      0 0.0000
   0,0      0      0      0      0      0 0.0000
   0,0      0      0      0      0      0 0.0000
   0,0      0      0      0      0      0 0.0000
   0,0      0      0      0      0      0 0.0000
   0,0      0      0      0      0      0 0.0000
   0,0      0      0      0      0      0 0.0000
   0,0      0      0      0      0      0 0.0000
   0,0      0      0      0      0      0 0.0000
  -1,0      3      0      0      0      0 0.0121
  -1,0      3      0      0      0      0 0.0116
   0,0      0      0      0      0      0 0.0000
   0,0      0      0      0      0      0 0.0000
   0,0      0      0      0      0      0 0.0000
   0,0      0      0      0      0      0 0.0000
   0,0      0      0      0      0      0 0.0000
   0,0      0      0      0      0      0 0.0000
   0,0      0      0      0      0      0 0.0000
   0,0      0      0      0      0      0 0.0000
   0,0      0      0      0      0      0 0.0000
   0,0      0      0      0      0      0 0.0000
   0,0      0      0      0      0      0 0.0000
   0,0      0      0      0      0      0 0.0000
   0,0      0      0      0      0      0 0.0000
   0,0      0      0      0      0      0 0.0000
   0,0      0      0      0      0      0 0.0000
   0,0      0      0      0      0      0 0.0000
   0,0      0      0      0      0      0 0.0000
  -1,0      1      0      0      0      0 0.0046
   0,0      0      0      0      0      0 0.0000
   0,0      0      0      0      0      0 0.0000
   0,0      0      0      0      0      0 0.0000
   0,0      0      0      0      0      0 0.0000
   0,0      0      0      0      0      0 0.0000
   0,0      0      0      0      0      0 0.0000
   0,0      0      0      0      0      0 0.0000
   0,0      0      0      0      0      0 0.0000
   0,0      0      0      0      0      0 0.0000
   0,0      0      0      0      0      0 0.0000
   0,0      0      0      0      0      0 0.0000
   0,0      0      0      0      0      0 0.0000
  -1,0      2      0      0      0      0 0.0090
   0,0      0      0      0      0      0 0.0000
   0,0      0      0      0      0      0 0.0000
   0,0      0      0      0      0      0 0.0000
   0,0      0      0      0      0      0 0.0000
   0,0      0      0      0      0      0 0.0000
   0,0      0      0      0      0      0 0.0000
   0,0      0      0      0      0      0 0.0000
   0,0      0      0      0      0      0 0.0000
   0,0      0      0      0      0      0 0.0000
   0,0      0      0      0      0      0 0.0000
   0,0      0      0      0      0      0 0.0000
  -1,0      1      0      0      0      0 0.0045
   0,0      0      0      0      0      0 0.0000
   0,0      0      0      0      0      0 0.0000
   0,0      0      0      0      0      0 0.0000
   0,0      0      0      0      0      0 0.0000
   0,0      0      0      0      0      0 0.0000
   0,0      0      0      0      0      0 0.0000
   0,0      0      0      0      0      0 0.0000
   0,0      0      0      0      0      0 0.0000
  -1,0      1      0      0      0      0 0.0049
   0,0      0      0      0      0      0 0.0000
   0,0      0      0      0      0      0 0.0000
   0,0      0      0      0      0      0 0.0000
   0,0      0      0      0      0      0 0.0000
   0,0      0      0      0      0      0 0.0000
   0,0      0      0      0      0      0 0.0000
   0,0      0      0      0      0      0 0.0000
   0,0      0      0      0      0      0 0.0000
   0,0      0      0      0      0      0 0.0000
   0,0      0      0      0      0      0 0.0000
   0,0      0      0      0      0      0 0.0000
   0,0      0      0      0      0      0 0.0000
   0,0      0      0      0      0      0 0.0000
   0,0      0      0      0      0      0 0.0000
   0,0      0      0      0      0      0 0.0000
   0,0      0      0      0      0      0 0.0000
  -1,0      1      0      0      0      0 0.0042
   0,0      0      0      0      0      0 0.0000
   0,0      0      0      0      0      0 0.0000
   0,0      0      0      0      0      0 0.0000
   0,0      0      0      0      0      0 0.0000
   0,0      0      0      0      0      0 0.0000
   0,0      0      0      0      0      0 0.0000
   0,0      0      0      0      0      0 0.0000
   0,0      0      0      0      0      0 0.0000
   0,0      0      0      0      0      0 0.0000
   0,0      0      0      0      0      0 0.0000
   0,1      1      0      0      0      0 0.0044
   0,0      0      0      0      0      0 0.0000
   0,0      0      0      0      0      0 0.0000
   0,0      0      0      0      0      0 0.0000
   0,0      0      0      0      0      0 0.0000
   0,0      0      0      0      0      0 0.0000
   0,0      0      0      0      0      0 0.0000
   0,0      0      0      0      0      0 0.0000
   0,0      0      0      0      0      0 0.0000
  -1,0      1      0      0      0      0 0.0044
   0,0      0      0      0      0      0 0.0000
   0,0      0      0      0      0      0 0.0000
   0,0      0      0      0      0      0 0.0000
  -1,0      4      0      0      0      0 0.0190
   0,0      0      0      0      0      0 0.0000
   0,0      0      0      0      0      0 0.0000
   0,0      0      0      0      0      0 0.0000
   0,0      0      0      0      0      0 0.0000
   0,0      0      0      0      0      0 0.0000
   0,0      0      0      0      0      0 0.0000
   0,0      0      0      0      0      0 0.0000
  -1,0      3      0      0      0      0 0.0150
   0,0      0      0      0      0      0 0.0000
   0,0      0      0      0      0      0 0.0000
   0,0      0      0      0      0      0 0.0000
   0,0      0      0      0      0      0 0.0000
   0,0      0      0      0      0      0 0.0000
   0,0      0      0      0      0      0 0.0000
   0,0      0      0      0      0      0 0.0000
   0,0      0      0      0      0      0 0.0000
  -1,0      1      0      0      0      0 0.0047
   0,0      0      0      0      0      0 0.0000
   0,0      0      0      0      0      0 0.0000
   0,0      0      0      0      0      0 0.0000
   0,0      0      0      0      0      0 0.0000
   0,0      0      0      0      0      0 0.0000
   0,0      0      0      0      0      0 0.0000
   0,0      0      0      0      0      0 0.0000
   0,0      0      0      0      0      0 0.0000
   0,0      0      0      0      0      0 0.0000
   0,0      0      0      0      0      0 0.0000
   0,0      0      0      0      0      0 0.0000
   0,0      0      0      0      0      0 0.0000
   0,0      0      0      0      0      0 0.0000
  -1,0      1      0      0      0      0 0.0043
   0,0      0      0      0      0      0 0.0000
   0,0      0      0      0      0      0 0.0000
   0,0      0      0      0      0      0 0.0000
   0,0      0      0      0      0      0 0.0000
   0,0      0      0      0      0      0 0.0000
   0,0      0      0      0      0      0 0.0000
   0,0      0      0      0      0      0 0.0000
   0,0      0      0      0      0      0 0.0000
   0,0      0      0      0      0      0 0.0000
   0,0      0      0      0      0      0 0.0000
   0,0      0      0      0      0      0 0.0000
   0,0      0      0      0      0      0 0.0000
   0,0      0      0      0      0      0 0.0000
   0,0      0      0      0      0      0 0.0000
   0,0      0      0      0      0      0 0.0000
   0,0      0      0      0      0      0 0.0000
   0,0      0      0      0      0      0 0.0000
   0,0      0      0      0      0      0 0.0000
   0,0      0      0      0      0      0 0.0000
   0,0      0      0      0      0      0 0.0000
   0,0      0      0      0      0      0 0.0000
   0,0      0      0      0      0      0 0.0000
   0,0      0      0      0      0      0 0.0000
   0,0      0      0      0      0      0 0.0000
   0,0      0      0      0      0      0 0.0000
   0,0      0      0      0      0      0 0.0000
   0,0      0      0      0      0      0 0.0000
   0,0      0      0      0      0      0 0.0000
   0,0      0      0      0      0      0 0.0000
   0,0      0      0      0      0      0 0.0000
   0,0      0      0      0      0      0 0.0000
   0,0      0      0      0      0      0 0.0000
   0,0      0      0      0      0      0 0.0000
   0,0      0      0      0      0      0 0.0000
   0,0      0      0      0      0      0 0.0000
   0,0      0      0      0      0      0 0.0000
   0,0      0      0      0      0      0 0.0000
   0,0      0      0      0      0      0 0.0000
   0,0      0      0      0      0      0 0.0000
   0,0      0      0      0      0      0 0.0000
   0,0      0      0      0      0      0 0.0000
  -1,0      3      0      0      0      0 0.0135
   0,0      0      0      0      0      0 0.0000
   0,0      0      0      0      0      0 0.0000
   0,0      0      0      0      0      0 0.0000
   0,0      0      0      0      0      0 0.0000
  -1,0      1      0      0      0      0 0.0047
   0,0      0      0      0      0      0 0.0000
   0,0      0      0      0      0      0 0.0000
   0,0      0      0      0      0      0 0.0000
   0,0      0      0      0      0      0 0.0000
   0,0      0      0      0      0      0 0.0000
  -1,0      2      0      0      0      0 0.0092
   0,0      0      0      0      0      0 0.0000
   0,0      0      0      0      0      0 0.0000
   0,0      0      0      0      0      0 0.0000
   0,0      0      0      0      0      0 0.0000
   0,0      0      0      0      0      0 0.0000
   0,0      0      0      0      0      0 0.0000
   0,0      0      0      0      0      0 0.0000
   0,1      5      0      0      0      0 0.0267
   0,1      3      0      0      0      0 0.0168
   0,1      2      0      0      0      0 0.0112
   0,1      2      0      0      0      0 0.0103
   0,1      1      0      0      0      0 0.0050
   0,1      2      0      0      0      0 0.0100
   0,1      3      0      0      0      0 0.0142
   0,1      3      0      0      0      0 0.0146
   0,1      2      0      0      0      0 0.0104
   0,0      0      0      0      0      0 0.0000
   0,0      0      0      0      0      0 0.0000
   0,0      0      0      0      0      0 0.0000
   0,0      0      0      0      0      0 0.0000
   0,0      0      0      0      0      0 0.0000
   0,0      0      0      0      0      0 0.0000
   0,0      0      0      0      0      0 0.0000
   0,0      0      0      0      0      0 0.0000
   0,0      0      0      0      0      0 0.0000
   0,0      0      0      0      0      0 0.0000
   0,0      0      0      0      0      0 0.0000
   0,0      0      0      0      0      0 0.0000
   0,0      0      0      0      0      0 0.0000
   0,0      0      0      0      0      0 0.0000
   0,1      2      0      0      0      0 0.0100
   0,0      0      0      0      0      0 0.0000
   0,0      0      0      0      0      0 0.0000
   0,0      0      0      0      0      0 0.0000
   0,0      0      0      0      0      0 0.0000
   0,0      0      0      0      0      0 0.0000
   0,0      0      0      0      0      0 0.0000
   0,0      0      0      0      0      0 0.0000
   0,0      0      0      0      0      0 0.0000
   0,0      0      0      0      0      0 0.0000
   0,0      0      0      0      0      0 0.0000
   0,0      0      0      0      0      0 0.0000
   0,0      0      0      0      0      0 0.0000
   0,0      0      0      0      0      0 0.0000
   0,0      0      0      0      0      0 0.0000
   0,0      0      0      0      0      0 0.0000
   0,0      0      0      0      0      0 0.0000
   0,0      0      0      0      0      0 0.0000
   0,0      0      0      0      0      0 0.0000
   0,0      0      0      0      0      0 0.0000
   0,0      0      0      0      0      0 0.0000
   0,0      0      0      0      0      0 0.0000
   0,0      0      0      0      0      0 0.0000
   0,0      0      0      0      0      0 0.0000
   0,0      0      0      0      0      0 0.0000
   0,0      0      0      0      0      0 0.0000
   0,0      0      0      0      0      0 0.0000
   0,0      0      0      0      0      0 0.0000
   0,0      0      0      0      0      0 0.0000
   0,0      0      0      0      0      0 0.0000
   0,0      0      0      0      0      0 0.0000
   0,0      0      0      0      0      0 0.0000
   0,0      0      0      0      0      0 0.0000
   0,0      0      0      0      0      0 0.0000
   0,0      0      0      0      0      0 0.0000
   0,0      0      0      0      0      0 0.0000
   0,0      0      0      0      0      0 0.0000
   0,0      0      0      0      0      0 0.0000
   0,0      0      0      0      0      0 0.0000
   0,0      0      0      0      0      0 0.0000
   0,0      0      0      0      0      0 0.0000
   0,0      0      0      0      0      0 0.0000
   0,0      0      0      0      0      0 0.0000
   0,0      0      0      0      0      0 0.0000
   0,0      0      0      0      0      0 0.0000
   0,0      0      0      0      0      0 0.0000
   0,0      0      0      0      0      0 0.0000
   0,0      0      0      0      0      0 0.0000
   0,0      0      0      0      0      0 0.0000
   0,0      0      0      0      0      0 0.0000
   0,0      0      0      0      0      0 0.0000
  -1,0      4      0      0      0      0 0.0182
   0,0      0      0      0      0      0 0.0000
   0,0      0      0      0      0      0 0.0000
   0,0      0      0      0      0      0 0.0000
   0,0      0      0      0      0      0 0.0000
   0,0      0      0      0      0      0 0.0000
   0,0      0      0      0      0      0 0.0000
   0,0      0      0      0      0      0 0.0000
   0,0      0      0      0      0      0 0.0000
   0,0      0      0      0      0      0 0.0000
   0,0      0      0      0      0      0 0.0000
   0,0      0      0      0      0      0 0.0000
   0,0      0      0      0      0      0 0.0000
   0,0      0      0      0      0      0 0.0000
   0,0      0      0      0      0      0 0.0000
   0,0      0      0      0      0      0 0.0000
   0,0      0      0      0      0      0 0.0000
   0,0      0      0      0      0      0 0.0000
   0,0      0      0      0      0      0 0.0000
   0,0      0      0      0      0      0 0.0000
   0,0      0      0      0      0      0 0.0000
   0,0      0      0      0      0      0 0.0000
   0,0      0      0      0      0      0 0.0000
   0,0      0      0      0      0      0 0.0000
   0,0      0      0      0      0      0 0.0000
   0,0      0      0      0      0      0 0.0000
   0,0      0      0      0      0      0 0.0000
   0,0      0      0      0      0      0 0.0000
  -1,0      1      0      0      0      0 0.0051
   0,0      0      0      0      0      0 0.0000
   0,0      0      0      0      0      0 0.0000
   0,0      0      0      0      0      0 0.0000
   0,0      0      0      0      0      0 0.0000
   0,0      0      0      0      0      0 0.0000
   0,0      0      0      0      0      0 0.0000
   0,0      0      0      0      0      0 0.0000
  -1,0      0      0      0      0      2 0.0104
   0,0      0      0      1      0      0 0.0052
  -1,0      0      0      0      0      2 0.0107
   0,0      0      0      0      0      0 0.0000
   0,0      0      0      0      0      0 0.0000
  -1,0      0      0      0      0      3 0.0132
   0,0      0      0      0      0      0 0.0000
  -1,0      0      0      0      0      1 0.0043
  -1,0      0      0      0      0      1 0.0046
   0,0      0      0      0      0      0 0.0000
   0,0      0      0      0      0      0 0.0000
   0,0      0      0      0      0      0 0.0000
   0,0      0      0      0      0      0 0.0000
  -1,0      0      0      0      0      1 0.0047
  -1,0      0      0      0      0      1 0.0046
   0,0      0      0      1      0      0 0.0047
  -1,0      0      0      1      0      2 0.0149
   0,0      0      0      0      0      0 0.0000
   0,0      0      0      0      0      0 0.0000
   0,0      0      0      0      0      0 0.0000
   0,0      0      0      0      0      0 0.0000
  -1,0      0      0      0      0      1 0.0045
   0,0      0      0      0      0      0 0.0000
  -1,0      0      0      0      0      1 0.0046
  -1,0      0      0      0      0      2 0.0099
   0,0      0      0      0      0      0 0.0000
   0,0      0      0      1      0      0 0.0047
  -1,0      0      0      0      0      1 0.0046
   0,0      0      0      1      0      0 0.0047
   0,0      0      0      0      0      0 0.0000
   0,0      0      0      0      0      0 0.0000
   0,0      0      0      0      0      0 0.0000
   0,0      0      0      0      0      0 0.0000
   0,0      0      0      0      0      0 0.0000
   0,0      0      0      0      0      0 0.0000
   0,0      0      0      0      0      0 0.0000
   0,0      0      0      0      0      0 0.0000
   0,0      0      0      0      0      0 0.0000
   0,0      0      0      0      0      0 0.0000
   0,0      0      0      0      0      0 0.0000
   0,0      0      0      0      0      0 0.0000
   0,0      0      0      0      0      0 0.0000
   0,1      1      0      0      0      0 0.0047
   0,1      2      0      0      0      0 0.0103
   0,1      3      0      0      0      0 0.0138
   0,1      1      0      0      0      0 0.0048
   0,0      0      0      0      0      0 0.0000
   0,0      0      0      0      0      0 0.0000
   0,0      0      0      0      0      0 0.0000
   0,0      0      0      0      0      0 0.0000
  -1,0      1      0      0      0      0 0.0048
   0,0      0      0      0      0      0 0.0000
   0,0      0      0      0      0      0 0.0000
   0,0      0      0      0      0      0 0.0000
   0,0      0      0      0      0      0 0.0000
   0,0      0      0      0      0      0 0.0000
   0,0      0      0      0      0      0 0.0000
   0,0      0      0      0      0      0 0.0000
   0,0      0      0      0      0      0 0.0000
   0,0      0      0      0      0      0 0.0000
   0,0      0      0      0      0      0 0.0000
   0,0      0      0      0      0      0 0.0000
   0,0      0      0      0      0      0 0.0000
   0,0      0      0      0      0      0 0.0000
   0,0      0      0      0      0      0 0.0000
   0,0      0      0      0      0      0 0.0000
   0,0      0      0      0      0      0 0.0000
   0,0      0      0      0      0      0 0.0000
   0,0      0      0      0      0      0 0.0000
   0,0      0      0      0      0      0 0.0000
   0,0      0      0      0      0      0 0.0000
   0,0      0      0      0      0      0 0.0000
   0,0      0      0      0      0      0 0.0000
   0,0      0      0      0      0      0 0.0000
   0,0      0      0      0      0      0 0.0000
   0,0      0      0      0      0      0 0.0000
   0,0      0      0      0      0      0 0.0000
   0,0      0      0      0      0      0 0.0000
   0,0      0      0      0      0      0 0.0000
   0,0      0      0      0      0      0 0.0000
   0,0      0      0      0      0      0 0.0000
   0,0      0      0      0      0      0 0.0000
   0,0      0      0      0      0      0 0.0000
   0,0      0      0      0      0      0 0.0000
   0,0      0      0      0      0      0 0.0000
   0,0      0      0      0      0      0 0.0000
   0,0      0      0      0      0      0 0.0000
   0,0      0      0      0      0      0 0.0000
   0,0      0      0      0      0      0 0.0000
   0,0      0      0      0      0      0 0.0000
   0,0      0      0      0      0      0 0.0000
   0,0      0      0      0      0      0 0.0000
   0,0      0      0      0      0      0 0.0000
   0,0      0      0      0      0      0 0.0000
   0,0      0      0      0      0      0 0.0000
   0,0      0      0      0      0      0 0.0000
  -1,0      1      0      0      0      0 0.0047
   0,0      0      0      0      0      0 0.0000
   0,0      0      0      0      0      0 0.0000
   0,0      0      0      0      0      0 0.0000
   0,0      0      0      0      0      0 0.0000
   0,0      0      0      0      0      0 0.0000
  -1,0      2      0      0      0      0 0.0104
   0,0      0      0      0      0      0 0.0000
   0,0      0      0      0      0      0 0.0000
   0,0      0      0      0      0      0 0.0000
   0,0      0      0      0      0      0 0.0000
  -1,0      1      0      0      0      0 0.0052
   0,0      0      0      0      0      0 0.0000
   0,0      0      0      0      0      0 0.0000
   0,0      0      0      0      0      0 0.0000
   0,0      0      0      0      0      0 0.0000
   0,0      0      0      0      0      0 0.0000
   0,0      0      0      0      0      0 0.0000
   0,0      0      0      0      0      0 0.0000
   0,0      0      0      0      0      0 0.0000
   0,0      0      0      0      0      0 0.0000
   0,0      0      0      0      0      0 0.0000
   0,0      0      0      0      0      0 0.0000
   0,0      0      0      0      0      0 0.0000
   0,0      0      0      0      0      0 0.0000
   0,0      0      0      0      0      0 0.0000
   0,0      0      0      0      0      0 0.0000
   0,0      0      0      0      0      0 0.0000
   0,0      0      0      0      0      0 0.0000
   0,0      0      0      0      0      0 0.0000
   0,0      0      0      0      0      0 0.0000
   0,0      0      0      0      0      0 0.0000
  -1,0      3      0      0      0      0 0.0135
   0,0      0      0      0      0      0 0.0000
   0,0      0      0      0      0      0 0.0000
   0,0      0      0      0      0      0 0.0000
   0,0      0      0      0      0      0 0.0000
   0,0      0      0      0      0      0 0.0000
  -1,0      2      0      0      0      0 0.0087
   0,0      0      0      0      0      0 0.0000
   0,0      0      0      0      0      0 0.0000
   0,0      0      0      0      0      0 0.0000
   0,0      0      0      0      0      0 0.0000
   0,0      0      0      0      0      0 0.0000
   0,0      0      0      0      0      0 0.0000
   0,0      0      0      0      0      0 0.0000
   0,0      0      0      0      0      0 0.0000
  -1,0      1      0      0      0      0 0.0049
  -1,0      2      0      0      0      0 0.0100
   0,0      0      0      0      0      0 0.0000
   0,0      0      0      0      0      0 0.0000
   0,0      0      0      0      0      0 0.0000
   0,0      0      0      0      0      0 0.0000
   0,0      0      0      0      0      0 0.0000
   0,0      0      0      0      0      0 0.0000
   0,0      0      0      0      0      0 0.0000
   0,0      0      0      0      0      0 0.0000
   0,0      0      0      0      0      0 0.0000
   0,0      0      0      0      0      0 0.0000
   0,0      0      0      0      0      0 0.0000
   0,0      0      0      0      0      0 0.0000
   0,0      0      0      0      0      0 0.0000
   0,0      0      0      0      0      0 0.0000
   0,0      0      0      0      0      0 0.0000
  -1,0      2      0      0      0      0 0.0086
   0,0      0      0      0      0      0 0.0000
   0,0      0      0      0      0      0 0.0000
   0,0      0      0      0      0      0 0.0000
   0,0      0      0      0      0      0 0.0000
   0,0      0      0      0      0      0 0.0000
   0,0      0      0      0      0      0 0.0000
   0,0      0      0      0      0      0 0.0000
   0,0      0      0      0      0      0 0.0000
   0,0      0      0      0      0      0 0.0000
   0,0      0      0      0      0      0 0.0000
   0,0      0      0      0      0      0 0.0000
   0,0      0      0      0      0      0 0.0000
   0,0      0      0      0      0      0 0.0000
   0,0      0      0      0      0      0 0.0000
   0,0      0      0      0      0      0 0.0000
   0,0      0      0      0      0      0 0.0000
   0,0      0      0      0      0      0 0.0000
   0,0      0      0      0      0      0 0.0000
   0,1      1      0      0      0      0 0.0048
   0,1      1      0      0      0      0 0.0047
   0,1      1      0      0      0      0 0.0047
   0,0      0      0      0      0      0 0.0000
   0,0      0      0      0      0      0 0.0000
   0,0      0      0      0      0      0 0.0000
   0,0      0      0      0      0      0 0.0000
   0,0      0      0      0      0      0 0.0000
   0,0      0      0      0      0      0 0.0000
   0,0      0      0      0      0      0 0.0000
   0,0      0      0      0      0      0 0.0000
   0,0      0      0      0      0      0 0.0000
   0,0      0      0      0      0      0 0.0000
   0,0      0      0      0      0      0 0.0000
   0,0      0      0      0      0      0 0.0000
   0,0      0      0      0      0      0 0.0000
   0,0      0      0      0      0      0 0.0000
   0,0      0      0      0      0      0 0.0000
   0,0      0      0      0      0      0 0.0000
   0,0      0      0      0      0      0 0.0000
   0,0      0      0      0      0      0 0.0000
   0,0      0      0      0      0      0 0.0000
   0,0      0      0      0      0      0 0.0000
   0,0      0      0      0      0      0 0.0000
  -1,0      1      0      0      0      0 0.0052
   0,0      0      0      0      0      0 0.0000
   0,0      0      0      0      0      0 0.0000
   0,0      0      0      0      0      0 0.0000
   0,0      0      0      0      0      0 0.0000
   0,0      0      0      0      0      0 0.0000
   0,0      0      0      0      0      0 0.0000
   0,0      0      0      0      0      0 0.0000
   0,0      0      0      0      0      0 0.0000
   0,0      0      0      0      0      0 0.0000
   0,0      0      0      0      0      0 0.0000
   0,0      0      0      0      0      0 0.0000
   0,0      0      0      0      0      0 0.0000
   0,0      0      0      0      0      0 0.0000
   0,0      0      0      0      0      0 0.0000
   0,0      0      0      0      0      0 0.0000
  -1,0      1      0      0      0      0 0.0050
   0,0      0      0      0      0      0 0.0000
   0,0      0      0      0      0      0 0.0000
   0,0      0      0      0      0      0 0.0000
   0,0      0      0      0      0      0 0.0000
   0,0      0      0      0      0      0 0.0000
   0,0      0      0      0      0      0 0.0000
   0,0      0      0      0      0      0 0.0000
   0,0      0      0      0      0      0 0.0000
   0,0      0      0      0      0      0 0.0000
   0,0      0      0      0      0      0 0.0000
   0,0      0      0      0      0      0 0.0000
   0,0      0      0      0      0      0 0.0000
   0,1      2      0      0      0      0 0.0101
   0,0      0      0      0      0      0 0.0000
  -1,0      1      0      0      0      0 0.0047
   0,0      0      0      0      0      0 0.0000
   0,0      0      0      0      0      0 0.0000
   0,0      0      0      0      0      0 0.0000
   0,0      0      0      0      0      0 0.0000
  -1,0      1      0      0      0      0 0.0052
   0,0      0      0      0      0      0 0.0000
   0,0      0      0      0      0      0 0.0000
   0,0      0      0      0      0      0 0.0000
   0,0      0      0      0      0      0 0.0000
   0,0      0      0      0      0      0 0.0000
   0,0      0      0      0      0      0 0.0000
   0,0      0      0      0      0      0 0.0000
   0,0      0      0      0      0      0 0.0000
   0,0      0      0      0      0      0 0.0000
   0,0      0      0      0      0      0 0.0000
   0,0      0      0      0      0      0 0.0000
   0,0      0      0      0      0      0 0.0000
   0,0      0      0      0      0      0 0.0000
   0,0      0      0      0      0      0 0.0000
   0,0      0      0      0      0      0 0.0000
   0,0      0      0      0      0      0 0.0000
   0,0      0      0      0      0      0 0.0000
   0,0      0      0      0      0      0 0.0000
   0,0      0      0      0      0      0 0.0000
   0,0      0      0      0      0      0 0.0000
   0,0      0      0      0      0      0 0.0000
   0,0      0      0      0      0      0 0.0000
   0,0      0      0      0      0      0 0.0000
   0,0      0      0      0      0      0 0.0000
   0,0      0      0      0      0      0 0.0000
   0,0      0      0      0      0      0 0.0000
  -1,0      0      0      0      0      1 0.0047
  -1,0      0      0      0      0      1 0.0045
   0,0      0      0      0      0      0 0.0000
   0,0      0      0      0      0      0 0.0000
   0,0      0      0      0      0      0 0.0000
   0,0      0      0      0      0      0 0.0000
   0,0      0      0      0      0      0 0.0000
   0,0      0      0      0      0      0 0.0000
   0,0      0      0      0      0      0 0.0000
   0,0      0      0      0      0      0 0.0000
   0,0      0      0      0      0      0 0.0000
   0,0      0      0      0      0      0 0.0000
   0,0      0      0      0      0      0 0.0000
   0,0      0      0      0      0      0 0.0000
   0,0      0      0      0      0      0 0.0000
   0,0      0      0      0      0      0 0.0000
   0,0      0      0      0      0      0 0.0000
  -1,0      0      0      0      0      2 0.0094
   0,0      0      0      0      0      0 0.0000
   0,0      0      0      0      0      0 0.0000
  -1,0      0      0      0      0      4 0.0184
  -1,0      0      0      0      0      1 0.0046
   0,0      0      0      0      0      0 0.0000
   0,0      0      0      0      0      0 0.0000
   0,0      0      0      0      0      0 0.0000
  -1,0      0      0      0      0      1 0.0041
  -1,0      0      0      0      0      6 0.0250
   0,0      0      0      0      0      0 0.0000
  -1,0      0      0      0      0      4 0.0179
