# G1: Gain entanglement and not switch chirality (e.g. 0 to 1)
# G2: Gain entanglement and switch chirality (e.g. -1 to 2)
# G3: Lose entanglement and not switch chirality (e.g. -2 to -1)
# G4: Lose entanglement and switch chirality (e.g. -2 to 1)
# G5: Only switch chirality (e.g. -1 to 1)
# fGtot: Total number of change of entanglement / Total number of native contacts in this structure
# Total native contact: 481
 max_g     G1     G2     G3     G4     G5  fGtot
   0,1      0      0      1      0      0 0.0034
   0,1      0      0      1      0      0 0.0033
   0,1      0      0      0      0      0 0.0000
   0,1      0      0      1      0      0 0.0033
   0,1      0      0      0      0      0 0.0000
   0,1      1      0      1      0      0 0.0063
   0,1      0      0      1      0      0 0.0032
   0,1      0      0      1      0      0 0.0032
   0,1      0      0      0      0      0 0.0000
   0,1      0      0      1      0      0 0.0030
   0,1      0      0      1      0      0 0.0031
   0,1      0      0      1      0      0 0.0031
   0,1      0      0      2      0      0 0.0061
   0,1      0      0      1      0      0 0.0031
   0,1      0      0      4      0      0 0.0117
   0,1      0      0      0      0      0 0.0000
   0,1      0      0      1      0      0 0.0031
   0,1      0      0      1      0      0 0.0032
   0,1      0      0      0      0      0 0.0000
   0,1      0      0      0      0      0 0.0000
   0,1      0      0      0      0      0 0.0000
  -1,1      1      0      0      0      0 0.0031
   0,1      1      0      1      0      0 0.0066
   0,1      0      0      1      0      0 0.0032
   0,1      0      0      0      0      0 0.0000
   0,1      0      0      1      0      0 0.0031
   0,1      0      0      0      0      0 0.0000
   0,1      0      0      1      0      0 0.0032
   0,1      1      0      1      0      0 0.0067
   0,1      1      0      1      0      0 0.0064
   0,1      2      0      1      0      0 0.0087
   0,1      0      0      1      0      0 0.0029
   0,1      0      0      1      0      0 0.0030
   0,1      0      0      1      0      0 0.0031
   0,1      0      0      1      0      0 0.0029
   0,1      0      0      1      0      0 0.0031
   0,1      0      0      2      0      0 0.0062
   0,1      0      0      1      0      0 0.0030
   0,1      0      0      1      0      0 0.0028
   0,1      0      0      1      0      0 0.0030
   0,1      0      0      1      0      0 0.0029
   0,1      0      0      1      0      0 0.0031
   0,1      0      0      1      0      0 0.0031
   0,1      0      0      1      0      0 0.0030
   0,1      2      0      0      0      0 0.0063
   0,1      0      0      1      0      0 0.0030
   0,1      1      0      0      0      0 0.0031
   0,1      0      0      1      0      0 0.0033
   0,1      0      0      1      0      0 0.0029
   0,1      0      0      1      0      0 0.0030
   0,1      0      0      1      0      0 0.0032
   0,1      0      0      1      0      0 0.0034
   0,1      0      0      0      0      0 0.0000
   0,1      2      0      1      0      0 0.0098
   0,1      0      0      1      0      0 0.0033
   0,1      0      0      0      0      0 0.0000
   0,1      0      0      1      0      0 0.0033
   0,1      0      0      1      0      0 0.0030
   0,1      1      0      0      0      0 0.0032
   0,1      0      0      0      0      0 0.0000
   0,1      0      0      7      0      0 0.0224
   0,1      0      0      1      0      0 0.0031
   0,1      0      0      1      0      0 0.0032
   0,1      0      0      1      0      0 0.0031
  -1,1      2      0      1      0      0 0.0096
   0,1      0      0      0      0      0 0.0000
   0,1      2      0      1      0      0 0.0091
   0,1      0      0      1      0      0 0.0031
   0,1      2      0      0      0      0 0.0057
   0,1      0      0      1      0      0 0.0029
   0,1      0      0      1      0      0 0.0029
   0,1      0      0      0      0      0 0.0000
   0,1      0      0      0      0      0 0.0000
   0,1      0      0      1      0      0 0.0030
   0,1      0      0      0      0      0 0.0000
   0,1      0      0      1      0      0 0.0029
   0,1      0      0      1      0      0 0.0030
   0,1      1      0      0      0      0 0.0029
   0,1      0      0      1      0      0 0.0029
   0,1      0      0      1      0      0 0.0030
  -1,1      2      0      0      0      0 0.0059
   0,1      0      0      1      0      0 0.0029
   0,1      0      0      1      0      0 0.0028
   0,1      0      0      1      0      0 0.0028
   0,1      0      0      1      0      0 0.0029
   0,1      0      0      1      0      0 0.0028
   0,1      0      0      0      0      0 0.0000
   0,1      0      0      1      0      0 0.0029
   0,1      0      0      1      0      0 0.0030
   0,1      0      0      1      0      0 0.0029
   0,1      0      0      1      0      0 0.0031
   0,1      0      0      1      0      0 0.0031
   0,1      2      0      1      0      0 0.0086
   0,1      0      0      0      0      0 0.0000
   0,1      0      0      1      0      0 0.0032
   0,1      1      0      1      0      0 0.0064
   0,1      0      0      0      0      0 0.0000
   0,1      0      0      2      0      0 0.0061
   0,1      0      0      2      0      0 0.0062
   0,1      0      0      0      0      0 0.0000
   0,1      0      0      2      0      0 0.0064
   0,1      0      0      0      0      0 0.0000
   0,1      1      0      0      0      0 0.0030
   0,1      0      0      1      0      0 0.0032
   0,1      2      0      1      0      0 0.0087
   0,1      0      0      1      0      0 0.0031
   0,0      0      0     10      0      0 0.0333
   0,1      0      0      1      0      0 0.0033
   0,1      0      0      0      0      0 0.0000
   0,1      0      0      0      0      0 0.0000
   0,1      2      0      0      0      0 0.0063
   0,1      0      0      1      0      0 0.0032
   0,1      2      0      1      0      0 0.0089
   0,1      0      0      0      0      0 0.0000
   0,1      0      0      0      0      0 0.0000
   0,1      0      0      1      0      0 0.0031
   0,1      0      0      4      0      0 0.0121
   0,1      0      0      1      0      0 0.0030
   0,1      0      0      1      0      0 0.0031
   0,1      0      0      0      0      0 0.0000
   0,1      0      0      1      0      0 0.0032
   0,1      0      0      1      0      0 0.0031
   0,1      0      0      0      0      0 0.0000
   0,1      0      0      1      0      0 0.0031
   0,1      0      0      1      0      0 0.0030
   0,1      0      0      1      0      0 0.0029
   0,1      0      0      0      0      0 0.0000
   0,1      0      0      0      0      0 0.0000
   0,1      1      0      1      0      0 0.0063
   0,1      0      0      1      0      0 0.0031
   0,1      0      0      1      0      0 0.0030
   0,1      0      0      0      0      0 0.0000
   0,1      0      0      0      0      0 0.0000
   0,1      1      0      1      0      0 0.0059
   0,1      0      0      1      0      0 0.0030
   0,1      2      0      0      0      0 0.0063
   0,1      0      0      1      0      0 0.0031
   0,1      0      0      0      0      0 0.0000
   0,1      0      0      0      0      0 0.0000
   0,1      0      0      0      0      0 0.0000
   0,1      0      0      1      0      0 0.0031
   0,1      0      0      0      0      0 0.0000
   0,1      2      0      0      0      0 0.0062
   0,1      2      0      0      0      0 0.0061
   0,1      0      0      1      0      0 0.0029
   0,1      0      0      1      0      0 0.0030
   0,1      0      0      1      0      0 0.0030
   0,1      0      0      0      0      0 0.0000
   0,1      1      0      0      0      0 0.0032
   0,1      0      0      1      0      0 0.0033
   0,1      1      0      0      0      0 0.0033
   0,1      1      0      1      0      0 0.0069
   0,1      0      0      0      0      0 0.0000
   0,1      1      0      0      0      0 0.0033
   0,1      0      0      1      0      0 0.0034
   0,1      2      0      1      0      0 0.0096
   0,1      1      0      0      0      0 0.0032
   0,1      1      0      0      0      0 0.0034
   0,1      2      0      0      0      0 0.0066
  -1,1      2      0      0      0      0 0.0063
   0,1      1      0      0      0      0 0.0033
   0,1      1      0      0      0      0 0.0034
   0,1      1      0      0      0      0 0.0036
   0,1      1      0      2      0      0 0.0102
   0,1      0      0      0      0      0 0.0000
   0,1      2      0      0      0      0 0.0075
   0,1      2      0      0      0      0 0.0073
   0,1      2      0      0      0      0 0.0072
   0,1      1      0      0      0      0 0.0032
   0,1      2      0      0      0      0 0.0066
   0,1      1      0      0      0      0 0.0031
   0,1      0      0      0      0      0 0.0000
   0,1      2      0      0      0      0 0.0068
   0,1      1      0      0      0      0 0.0032
   0,1      2      0      0      0      0 0.0068
   0,1      2      0      0      0      0 0.0066
   0,1      2      0      0      0      0 0.0066
   0,1      2      0      0      0      0 0.0065
   0,1      1      0      0      0      0 0.0036
   0,1      1      0      0      0      0 0.0033
   0,1      0      0      1      0      0 0.0033
   0,1      0      0      0      0      0 0.0000
   0,1      2      0      0      0      0 0.0065
   0,1      0      0      1      0      0 0.0034
   0,1      1      0      0      0      0 0.0033
   0,1      1      0      0      0      0 0.0031
   0,1      2      0      0      0      0 0.0067
   0,1      0      0      0      0      0 0.0000
   0,1      0      0      0      0      0 0.0000
   0,1      2      0      0      0      0 0.0060
   0,1      0      0      1      0      0 0.0034
   0,1      2      0      1      0      0 0.0096
   0,1      1      0      1      0      0 0.0064
   0,1      2      0      0      0      0 0.0065
   0,1      0      0      1      0      0 0.0033
   0,1      1      0      0      0      0 0.0031
  -1,1      1      0      1      0      0 0.0062
   0,1      0      0      0      0      0 0.0000
   0,1      0      0      1      0      0 0.0032
   0,1      0      0      0      0      0 0.0000
   0,1      0      0      0      0      0 0.0000
   0,1      0      0      0      0      0 0.0000
   0,1      0      0      1      0      0 0.0032
   0,1      2      0      0      0      0 0.0065
   0,1      2      0      0      0      0 0.0062
   0,1      1      0      0      0      0 0.0033
   0,1      1      0      0      0      0 0.0036
   0,1      0      0      0      0      0 0.0000
   0,1      0      0      1      0      0 0.0032
   0,1      0      0      1      0      0 0.0031
   0,1      1      0      0      0      0 0.0032
   0,1      1      0      0      0      0 0.0030
   0,1      1      0      0      0      0 0.0032
   0,1      2      0      0      0      0 0.0069
   0,1      0      0      1      0      0 0.0033
   0,1      1      0      0      0      0 0.0033
   0,1      2      0      0      0      0 0.0069
   0,1      1      0      0      0      0 0.0032
   0,1      0      0      0      0      0 0.0000
   0,1      1      0      0      0      0 0.0032
   0,1      0      0      0      0      0 0.0000
   0,1      1      0      1      0      0 0.0063
   0,1      0      0      1      0      0 0.0031
   0,1      1      0      0      0      0 0.0031
   0,1      0      0      1      0      0 0.0032
   0,1      1      0      0      0      0 0.0030
   0,1      2      0      0      0      0 0.0063
   0,1      1      0      0      0      0 0.0032
   0,1      0      0      0      0      0 0.0000
   0,1      2      0      1      0      0 0.0095
   0,1      1      0      0      0      0 0.0031
   0,1      1      0      0      0      0 0.0032
  -1,1      1      0      1      0      0 0.0064
   0,1      1      0      0      0      0 0.0032
   0,1      0      0      0      0      0 0.0000
   0,1      0      0      0      0      0 0.0000
   0,1      0      0      1      0      0 0.0033
   0,1      0      0      0      0      0 0.0000
   0,1      0      0      2      0      0 0.0062
   0,1      1      0      0      0      0 0.0034
   0,1      1      0      0      0      0 0.0033
  -1,1      1      0      1      0      0 0.0067
   0,1      2      0      0      0      0 0.0066
   0,1      0      0      1      0      0 0.0031
  -1,1      1      0      0      0      0 0.0032
   0,1      0      0      0      0      0 0.0000
   0,1      0      0      1      0      0 0.0030
   0,1      0      0      0      0      0 0.0000
   0,1      0      0      1      0      0 0.0032
   0,1      0      0      0      0      0 0.0000
   0,1      0      0      1      0      0 0.0031
   0,1      0      0      0      0      0 0.0000
   0,1      0      0      1      0      0 0.0031
   0,1      0      0      0      0      0 0.0000
   0,1      0      0      6      0      0 0.0178
   0,1      0      0      1      0      0 0.0031
   0,1      0      0      0      0      0 0.0000
   0,1      0      0      0      0      0 0.0000
   0,1      0      0      5      0      0 0.0156
   0,1      0      0      1      0      0 0.0031
   0,1      0      0      0      0      0 0.0000
   0,1      0      0      1      0      0 0.0031
   0,1      0      0      0      0      0 0.0000
   0,1      0      0      1      0      0 0.0029
   0,1      1      0      1      0      0 0.0063
   0,1      0      0      0      0      0 0.0000
   0,1      0      0      1      0      0 0.0033
   0,1      0      0      1      0      0 0.0032
   0,1      0      0      0      0      0 0.0000
   0,1      0      0      0      0      0 0.0000
   0,1      0      0      1      0      0 0.0031
   0,1      0      0      0      0      0 0.0000
   0,1      0      0      1      0      0 0.0031
   0,1      0      0      1      0      0 0.0031
   0,1      0      0      1      0      0 0.0032
   0,1      0      0      0      0      0 0.0000
   0,1      1      0      0      0      0 0.0032
   0,1      0      0      1      0      0 0.0032
   0,1      0      0      1      0      0 0.0032
   0,1      0      0      0      0      0 0.0000
   0,1      1      0      1      0      0 0.0063
   0,1      2      0      1      0      0 0.0091
   0,1      1      0      0      0      0 0.0030
   0,1      0      0      0      0      0 0.0000
   0,1      0      0      0      0      0 0.0000
   0,1      2      0      0      0      0 0.0061
   0,1      2      0      1      0      0 0.0087
   0,1      1      0      0      0      0 0.0030
   0,1      0      0      0      0      0 0.0000
   0,1      2      0      0      0      0 0.0057
   0,1      0      0      1      0      0 0.0031
   0,1      2      0      0      0      0 0.0064
   0,1      0      0      1      0      0 0.0031
   0,1      0      0      1      0      0 0.0034
   0,1      2      0      0      0      0 0.0069
   0,1      2      0      0      0      0 0.0064
   0,1      2      0      0      0      0 0.0064
   0,1      2      0      0      0      0 0.0065
   0,1      1      0      1      0      0 0.0065
   0,1      0      0      0      0      0 0.0000
   0,1      0      0      0      0      0 0.0000
   0,1      0      0      1      0      0 0.0030
   0,1      0      0      0      0      0 0.0000
   0,1      1      0      0      0      0 0.0030
   0,1      0      0      1      0      0 0.0029
   0,1      0      0      0      0      0 0.0000
   0,1      2      0      0      0      0 0.0062
   0,1      0      0      1      0      0 0.0031
   0,1      0      0      1      0      0 0.0029
   0,1      0      0      1      0      0 0.0031
   0,1      0      0      2      0      0 0.0062
   0,1      0      0      1      0      0 0.0031
   0,1      0      0      0      0      0 0.0000
  -1,1      1      0      1      0      0 0.0064
   0,1      0      0      1      0      0 0.0032
   0,1      1      0      0      0      0 0.0036
   0,1      2      0      0      0      0 0.0071
   0,1      1      0      0      0      0 0.0036
   0,1      1      0      0      0      0 0.0035
   0,1      2      0      0      0      0 0.0072
   0,1      1      0      0      0      0 0.0040
   0,1      1      0      0      0      0 0.0035
   0,1      1      0      0      0      0 0.0035
   0,1      2      0      0      0      0 0.0071
   0,1      0      0      0      0      0 0.0000
   0,1      0      0      1      0      0 0.0036
   0,1      1      0      0      0      0 0.0034
   0,1      0      0      1      0      0 0.0033
   0,1      0      0      0      0      0 0.0000
   0,1      1      0      1      0      0 0.0064
   0,1      1      0      0      0      0 0.0036
   0,1      1      0      0      0      0 0.0034
   0,1      1      0      0      0      0 0.0035
   0,1      1      0      0      0      0 0.0032
   0,1      0      0      1      0      0 0.0033
   0,1      0      0      0      0      0 0.0000
   0,1      0      0      1      0      0 0.0031
   0,1      0      0      0      0      0 0.0000
   0,1      1      0      0      0      0 0.0032
   0,1      0      0      1      0      0 0.0034
   0,1      0      0      0      0      0 0.0000
   0,1      1      0      0      0      0 0.0032
   0,1      2      0      0      0      0 0.0063
   0,1      1      0      0      0      0 0.0030
   0,1      1      0      0      0      0 0.0030
   0,1      2      0      1      0      0 0.0094
   0,1      3      0      0      0      0 0.0092
   0,1      2      0      0      0      0 0.0065
   0,1      2      0      0      0      0 0.0063
   0,1      0      0      0      0      0 0.0000
   0,1      0      0      1      0      0 0.0033
   0,1      0      0      0      0      0 0.0000
   0,1      0      0      0      0      0 0.0000
   0,1      0      0      1      0      0 0.0030
   0,1      0      0      1      0      0 0.0029
   0,1      0      0      1      0      0 0.0030
   0,1      0      0      1      0      0 0.0030
   0,1      0      0      1      0      0 0.0031
   0,1      0      0      1      0      0 0.0032
   0,1      0      0      1      0      0 0.0032
   0,1      0      0      1      0      0 0.0030
   0,1      0      0      1      0      0 0.0029
   0,1      0      0      1      0      0 0.0030
   0,1      0      0      0      0      0 0.0000
   0,1      0      0      1      0      0 0.0031
   0,1      0      0      1      0      0 0.0029
   0,1      0      0      1      0      0 0.0028
   0,1      2      0      0      0      0 0.0056
   0,1      0      0      0      0      0 0.0000
   0,1      0      0      1      0      0 0.0029
   0,1      0      0      1      0      0 0.0030
   0,1      0      0      0      0      0 0.0000
   0,1      0      0      0      0      0 0.0000
   0,1      0      0      1      0      0 0.0029
   0,1      0      0      1      0      0 0.0029
   0,1      0      0      1      0      0 0.0029
   0,1      0      0      0      0      0 0.0000
   0,1      0      0      1      0      0 0.0030
   0,1      0      0      0      0      0 0.0000
   0,1      1      0      1      0      0 0.0058
   0,1      0      0      1      0      0 0.0031
   0,1      0      0      1      0      0 0.0028
   0,1      1      0      0      0      0 0.0030
   0,1      0      0      1      0      0 0.0030
   0,1      0      0      1      0      0 0.0029
   0,1      1      0      0      0      0 0.0031
   0,1      0      0      1      0      0 0.0031
   0,1      2      0      0      0      0 0.0057
   0,1      1      0      1      0      0 0.0066
   0,1      1      0      1      0      0 0.0060
   0,1      0      0      1      0      0 0.0031
   0,1      0      0      1      0      0 0.0031
   0,1      0      0      1      0      0 0.0035
   0,1      0      0      0      0      0 0.0000
   0,1      0      0      1      0      0 0.0032
   0,1      0      0      0      0      0 0.0000
   0,1      0      0      0      0      0 0.0000
   0,1      1      0      0      0      0 0.0031
   0,1      0      0      2      0      0 0.0061
   0,1      0      0      1      0      0 0.0031
   0,1      0      0      1      0      0 0.0029
   0,1      0      0      1      0      0 0.0028
   0,1      0      0      1      0      0 0.0031
   0,1      0      0      1      0      0 0.0031
   0,1      0      0      2      0      0 0.0062
   0,1      0      0      1      0      0 0.0030
   0,1      0      0      1      0      0 0.0030
   0,1      1      0      1      0      0 0.0062
   0,1      0      0      0      0      0 0.0000
   0,1      0      0      0      0      0 0.0000
   0,1      0      0      1      0      0 0.0030
   0,1      0      0      1      0      0 0.0030
   0,1      0      0      1      0      0 0.0029
   0,1      0      0      1      0      0 0.0030
   0,1      0      0      1      0      0 0.0030
   0,1      0      0      1      0      0 0.0031
   0,1      0      0      1      0      0 0.0030
   0,1      0      0      4      0      0 0.0128
   0,1      0      0      5      0      0 0.0158
   0,1      0      0      4      0      0 0.0122
   0,1      0      0      1      0      0 0.0033
   0,1      0      0      1      0      0 0.0032
   0,1      0      0      1      0      0 0.0032
   0,1      0      0      2      0      0 0.0064
   0,1      0      0      1      0      0 0.0031
   0,1      0      0      1      0      0 0.0034
   0,1      0      0      0      0      0 0.0000
   0,1      0      0      1      0      0 0.0032
   0,1      1      0      0      0      0 0.0034
   0,1      0      0      1      0      0 0.0033
   0,1      0      0      0      0      0 0.0000
   0,1      0      0      0      0      0 0.0000
   0,1      1      0      0      0      0 0.0034
   0,1      0      0      1      0      0 0.0032
   0,1      0      0      0      0      0 0.0000
   0,1      0      0      1      0      0 0.0029
   0,1      0      0      1      0      0 0.0030
   0,1      0      0      0      0      0 0.0000
   0,1      0      0      1      0      0 0.0029
   0,1      0      0      1      0      0 0.0029
   0,1      0      0      0      0      0 0.0000
   0,1      0      0      0      0      0 0.0000
   0,1      0      0      1      0      0 0.0033
   0,1      2      0      0      0      0 0.0061
   0,1      0      0      1      0      0 0.0032
   0,1      3      0      0      0      0 0.0096
   0,1      2      0      0      0      0 0.0065
   0,1      1      0      0      0      0 0.0035
   0,1      0      0      1      0      0 0.0033
   0,1      2      0      0      0      0 0.0062
   0,1      0      0      1      0      0 0.0029
   0,1      2      0      0      0      0 0.0062
   0,1      2      0      0      0      0 0.0064
   0,1      1      0      0      0      0 0.0034
   0,1      2      0      0      0      0 0.0065
   0,1      1      0      0      0      0 0.0033
   0,1      0      0      1      0      0 0.0033
   0,1      1      0      1      0      0 0.0067
  -1,1      4      0      3      0      1 0.0252
   0,1      1      0      1      0      0 0.0065
   0,1      0      0      0      0      0 0.0000
   0,1      0      0      0      0      0 0.0000
   0,1      0      0      1      0      0 0.0031
   0,1      0      0      0      0      0 0.0000
   0,1      2      0      0      0      0 0.0065
   0,1      2      0      0      0      0 0.0065
   0,1      1      0      0      0      0 0.0034
   0,1      1      0      0      0      0 0.0032
   0,1      2      0      0      0      0 0.0063
   0,1      0      0      1      0      0 0.0031
   0,1      0      0      1      0      0 0.0030
   0,1      1      0      0      0      0 0.0030
  -1,1      1      0      0      0      0 0.0032
   0,1      0      0      1      0      0 0.0032
   0,1      2      0      0      0      0 0.0066
   0,1      0      0      0      0      0 0.0000
   0,1      1      0      1      0      0 0.0068
   0,1      1      0      1      0      0 0.0064
   0,1      0      0      0      0      0 0.0000
   0,1      0      0      0      0      0 0.0000
   0,1      2      0      1      0      0 0.0091
   0,1      0      0      1      0      0 0.0032
   0,1      0      0      1      0      0 0.0033
   0,1      0      0      1      0      0 0.0030
   0,1      0      0      0      0      0 0.0000
   0,1      0      0      1      0      0 0.0030
   0,1      2      0      1      0      0 0.0087
   0,1      0      0      1      0      0 0.0029
   0,1      0      0      1      0      0 0.0028
   0,1      0      0      0      0      0 0.0000
   0,1      0      0      1      0      0 0.0030
   0,1      0      0      0      0      0 0.0000
   0,1      0      0      1      0      0 0.0029
   0,1      0      0      1      0      0 0.0028
   0,1      1      0      0      0      0 0.0028
   0,1      0      0      1      0      0 0.0029
   0,1      0      0      1      0      0 0.0030
   0,1      1      0      0      0      0 0.0031
   0,1      2      0      1      0      0 0.0094
   0,1      2      0      0      0      0 0.0063
   0,1      0      0      0      0      0 0.0000
   0,1      3      0      1      0      0 0.0124
   0,1      0      0      1      0      0 0.0030
   0,1      0      0      1      0      0 0.0032
   0,1      1      0      0      0      0 0.0031
   0,1      2      0      1      0      0 0.0096
   0,1      0      0      1      0      0 0.0033
   0,1      0      0      0      0      0 0.0000
   0,1      0      0      1      0      0 0.0035
   0,1      0      0      1      0      0 0.0029
   0,1      0      0      1      0      0 0.0030
   0,1      0      0      1      0      0 0.0030
   0,1      0      0      0      0      0 0.0000
   0,1      0      0      1      0      0 0.0030
   0,1      0      0      0      0      0 0.0000
   0,1      0      0      1      0      0 0.0029
   0,1      2      0      1      0      0 0.0087
   0,1      0      0      0      0      0 0.0000
   0,1      0      0      1      0      0 0.0031
   0,1      0      0      1      0      0 0.0030
   0,1      0      0      0      0      0 0.0000
   0,1      0      0      1      0      0 0.0029
   0,1      0      0      1      0      0 0.0030
   0,1      0      0      1      0      0 0.0030
   0,1      0      0      0      0      0 0.0000
   0,1      0      0      1      0      0 0.0032
   0,1      1      0      0      0      0 0.0030
   0,1      0      0      1      0      0 0.0032
   0,1      0      0      1      0      0 0.0033
   0,1      0      0      1      0      0 0.0031
   0,1      0      0      1      0      0 0.0031
   0,1      0      0      1      0      0 0.0030
   0,1      0      0      1      0      0 0.0030
   0,1      2      0      0      0      0 0.0059
   0,1      0      0      0      0      0 0.0000
   0,1      0      0      4      0      0 0.0122
   0,1      0      0      0      0      0 0.0000
   0,1      0      0      1      0      0 0.0032
   0,1      0      0      1      0      0 0.0032
   0,1      0      0      1      0      0 0.0033
   0,1      0      0      1      0      0 0.0030
   0,1      0      0      1      0      0 0.0029
   0,1      1      0      0      0      0 0.0030
   0,1      0      0      1      0      0 0.0031
   0,1      0      0      1      0      0 0.0030
   0,1      0      0      0      0      0 0.0000
   0,1      0      0      0      0      0 0.0000
   0,1      2      0      1      0      0 0.0098
   0,1      0      0      0      0      0 0.0000
   0,1      0      0      0      0      0 0.0000
   0,1      1      0      1      0      0 0.0065
   0,1      0      0      1      0      0 0.0031
   0,1      0      0      1      0      0 0.0035
   0,1      1      0      0      0      0 0.0033
   0,1      0      0      1      0      0 0.0031
   0,1      0      0      1      0      0 0.0031
   0,1      0      0      1      0      0 0.0031
   0,1      0      0      0      0      0 0.0000
   0,1      0      0      0      0      0 0.0000
   0,1      0      0      1      0      0 0.0030
   0,1      0      0      6      0      0 0.0186
   0,1      0      0      4      0      0 0.0125
   0,1      0      0      1      0      0 0.0032
   0,1      0      0      0      0      0 0.0000
   0,1      0      0      1      0      0 0.0032
   0,1      0      0      1      0      0 0.0031
   0,1      0      0      0      0      0 0.0000
   0,1      0      0      1      0      0 0.0032
   0,1      2      0      1      0      0 0.0086
   0,1      0      0      0      0      0 0.0000
   0,1      1      0      0      0      0 0.0031
   0,1      0      0      0      0      0 0.0000
   0,1      0      0      1      0      0 0.0031
   0,1      0      0      0      0      0 0.0000
   0,1      0      0      0      0      0 0.0000
   0,1      0      0      1      0      0 0.0029
   0,1      1      0      1      0      0 0.0063
   0,1      0      0      1      0      0 0.0029
   0,1      0      0      0      0      0 0.0000
   0,1      0      0      1      0      0 0.0032
   0,1      0      0      1      0      0 0.0030
   0,1      0      0      1      0      0 0.0030
   0,1      0      0      1      0      0 0.0032
   0,1      0      0      1      0      0 0.0031
   0,1      0      0      1      0      0 0.0030
  -1,1      2      0      1      0      0 0.0091
   0,1      0      0      1      0      0 0.0031
   0,1      0      0      0      0      0 0.0000
   0,1      0      0      0      0      0 0.0000
   0,1      0      0      1      0      0 0.0031
   0,1      0      0      1      0      0 0.0029
   0,1      0      0      0      0      0 0.0000
   0,1      0      0      1      0      0 0.0031
   0,1      0      0      0      0      0 0.0000
   0,1      0      0      1      0      0 0.0030
   0,1      0      0      1      0      0 0.0030
   0,1      0      0      1      0      0 0.0033
   0,1      0      0      1      0      0 0.0032
   0,1      0      0      1      0      0 0.0030
   0,1      0      0      1      0      0 0.0031
   0,1      0      0      1      0      0 0.0031
   0,1      0      0      2      0      0 0.0061
   0,1      0      0      1      0      0 0.0031
   0,1      0      0      1      0      0 0.0031
   0,1      0      0      1      0      0 0.0029
   0,1      0      0      1      0      0 0.0030
   0,1      0      0      4      0      0 0.0126
   0,1      0      0      1      0      0 0.0030
   0,1      1      0      0      0      0 0.0030
   0,1      0      0      1      0      0 0.0027
   0,1      0      0      1      0      0 0.0029
   0,1      0      0      1      0      0 0.0029
   0,1      0      0      1      0      0 0.0030
   0,1      0      0      1      0      0 0.0030
   0,1      0      0      0      0      0 0.0000
   0,1      0      0      0      0      0 0.0000
   0,1      0      0      1      0      0 0.0030
   0,1      0      0      1      0      0 0.0031
   0,1      0      0      0      0      0 0.0000
   0,1      2      0      1      0      0 0.0091
   0,1      0      0      1      0      0 0.0029
   0,1      0      0      1      0      0 0.0030
   0,1      0      0      1      0      0 0.0031
   0,1      0      0      1      0      0 0.0030
   0,1      0      0      1      0      0 0.0028
   0,1      0      0      1      0      0 0.0029
   0,1      0      0      1      0      0 0.0030
   0,1      0      0      1      0      0 0.0029
   0,1      0      0      1      0      0 0.0030
   0,1      0      0      0      0      0 0.0000
   0,1      0      0      1      0      0 0.0029
   0,1      0      0      1      0      0 0.0030
   0,1      0      0      1      0      0 0.0029
   0,1      0      0      1      0      0 0.0029
   0,1      0      0      1      0      0 0.0030
   0,1      0      0      1      0      0 0.0030
   0,1      0      0      1      0      0 0.0028
   0,1      0      0      1      0      0 0.0030
   0,1      1      0      0      0      0 0.0031
   0,1      0      0      1      0      0 0.0029
   0,1      0      0      1      0      0 0.0031
   0,1      1      0      0      0      0 0.0029
   0,1      0      0      0      0      0 0.0000
   0,1      0      0      1      0      0 0.0030
   0,1      0      0      1      0      0 0.0029
   0,1      0      0      1      0      0 0.0030
   0,1      0      0      0      0      0 0.0000
   0,1      0      0      1      0      0 0.0034
   0,1      0      0      0      0      0 0.0000
   0,1      0      0      1      0      0 0.0035
   0,1      0      0      2      0      0 0.0065
  -1,1      1      0      1      0      0 0.0064
   0,1      0      0      0      0      0 0.0000
  -1,1      1      0      1      0      0 0.0062
   0,1      0      0      1      0      0 0.0031
   0,1      0      0      1      0      0 0.0032
   0,1      0      0      0      0      0 0.0000
   0,1      0      0      5      0      0 0.0166
   0,1      0      0      0      0      0 0.0000
  -1,1      3      0      3      0      1 0.0229
   0,1      1      0      0      0      0 0.0034
   0,1      0      0      1      0      0 0.0033
   0,1      0      0      1      0      0 0.0033
   0,1      0      0      1      0      0 0.0032
   0,1      0      0      1      0      0 0.0032
   0,1      0      0      1      0      0 0.0033
   0,1      0      0      1      0      0 0.0032
   0,1      0      0      1      0      0 0.0031
   0,1      0      0      1      0      0 0.0031
   0,1      0      0      1      0      0 0.0031
   0,1      0      0      2      0      0 0.0057
   0,1      0      0      1      0      0 0.0031
   0,1      0      0      1      0      0 0.0030
   0,1      0      0      1      0      0 0.0031
   0,1      0      0      1      0      0 0.0030
   0,1      0      0      1      0      0 0.0030
   0,1      0      0      0      0      0 0.0000
   0,1      0      0      1      0      0 0.0031
   0,1      0      0      1      0      0 0.0032
   0,1      2      0      1      0      0 0.0099
   0,1      0      0      1      0      0 0.0030
   0,1      0      0      0      0      0 0.0000
   0,1      0      0      1      0      0 0.0029
   0,1      0      0      1      0      0 0.0029
   0,1      0      0      1      0      0 0.0030
   0,1      0      0      1      0      0 0.0031
   0,1      0      0      1      0      0 0.0031
   0,1      0      0      2      0      0 0.0062
   0,1      0      0      1      0      0 0.0031
   0,1      0      0      1      0      0 0.0031
   0,1      0      0      1      0      0 0.0030
   0,1      0      0      2      0      0 0.0058
   0,1      0      0      1      0      0 0.0031
   0,1      2      0      0      0      0 0.0063
   0,1      1      0      0      0      0 0.0032
   0,1      0      0      1      0      0 0.0030
   0,1      0      0      1      0      0 0.0030
   0,1      0      0      1      0      0 0.0030
   0,1      0      0      0      0      0 0.0000
   0,1      0      0      1      0      0 0.0029
   0,1      0      0      1      0      0 0.0029
   0,1      0      0      0      0      0 0.0000
   0,1      0      0      1      0      0 0.0032
   0,1      0      0      0      0      0 0.0000
   0,1      2      0      0      0      0 0.0064
   0,1      0      0      0      0      0 0.0000
   0,1      1      0      0      0      0 0.0034
   0,1      0      0      0      0      0 0.0000
   0,1      2      0      0      0      0 0.0060
   0,1      1      0      0      0      0 0.0035
   0,1      2      0      0      0      0 0.0070
   0,1      0      0      0      0      0 0.0000
   0,1      0      0      1      0      0 0.0034
   0,1      0      0      1      0      0 0.0030
   0,1      0      0      1      0      0 0.0032
   0,1      0      0      1      0      0 0.0032
   0,1      1      0      1      0      0 0.0060
   0,1      0      0      1      0      0 0.0029
   0,1      0      0      0      0      0 0.0000
   0,1      2      0      1      0      0 0.0088
   0,1      0      0      1      0      0 0.0031
   0,1      0      0      1      0      0 0.0031
   0,1      0      0      1      0      0 0.0034
   0,1      0      0      1      0      0 0.0032
   0,1      1      0      0      0      0 0.0030
   0,1      0      0      1      0      0 0.0032
   0,1      0      0      0      0      0 0.0000
   0,1      1      0      0      0      0 0.0030
   0,1      0      0      1      0      0 0.0031
   0,1      0      0      0      0      0 0.0000
   0,1      0      0      1      0      0 0.0033
   0,1      0      0      0      0      0 0.0000
   0,1      1      0      0      0      0 0.0030
   0,1      1      0      0      0      0 0.0032
   0,1      0      0      1      0      0 0.0031
   0,1      4      0      1      0      0 0.0157
   0,1      1      0      1      0      0 0.0063
   0,1      0      0      1      0      0 0.0032
   0,1      0      0      0      0      0 0.0000
   0,1      0      0      1      0      0 0.0031
   0,1      1      0      0      0      0 0.0031
   0,1      0      0      0      0      0 0.0000
   0,1      0      0      0      0      0 0.0000
   0,1      0      0      4      0      0 0.0128
  -1,1      1      0      0      0      0 0.0033
   0,1      0      0      1      0      0 0.0032
   0,1      0      0      0      0      0 0.0000
   0,1      0      0      0      0      0 0.0000
   0,1      1      0      0      0      0 0.0032
   0,1      0      0      1      0      0 0.0033
   0,1      2      0      0      0      0 0.0062
   0,1      1      0      0      0      0 0.0035
   0,1      2      0      0      0      0 0.0063
   0,1      2      0      1      0      0 0.0097
   0,1      1      0      0      0      0 0.0032
   0,1      1      0      0      0      0 0.0035
   0,1      1      0      1      0      0 0.0066
  -1,1      2      0      3      0      0 0.0171
   0,1      0      0      1      0      0 0.0032
   0,1      1      0      0      0      0 0.0033
   0,1      0      0      1      0      0 0.0032
   0,1      1      0      0      0      0 0.0032
   0,1      1      0      1      0      0 0.0066
   0,1      1      0      0      0      0 0.0035
   0,1      0      0      0      0      0 0.0000
   0,1      1      0      0      0      0 0.0032
   0,1      0      0      1      0      0 0.0032
   0,1      0      0      1      0      0 0.0034
   0,1      0      0      0      0      0 0.0000
   0,1      0      0      0      0      0 0.0000
   0,1      1      0      0      0      0 0.0033
   0,1      2      0      0      0      0 0.0063
   0,1      1      0      0      0      0 0.0032
   0,1      0      0      0      0      0 0.0000
   0,1      0      0      1      0      0 0.0033
   0,1      1      0      0      0      0 0.0034
   0,1      1      0      0      0      0 0.0032
   0,1      0      0      1      0      0 0.0033
   0,1      1      0      0      0      0 0.0031
   0,1      0      0      1      0      0 0.0031
   0,1      0      0      0      0      0 0.0000
   0,1      0      0      0      0      0 0.0000
   0,1      0      0      0      0      0 0.0000
   0,1      0      0      0      0      0 0.0000
   0,1      0      0      0      0      0 0.0000
   0,1      0      0      0      0      0 0.0000
   0,1      0      0      0      0      0 0.0000
   0,1      0      0      1      0      0 0.0033
   0,1      0      0      0      0      0 0.0000
   0,1      0      0      0      0      0 0.0000
   0,1      0      0      0      0      0 0.0000
   0,1      2      0      0      0      0 0.0068
   0,1      0      0      2      0      0 0.0061
   0,1      0      0      1      0      0 0.0033
   0,1      0      0      0      0      0 0.0000
   0,1      1      0      0      0      0 0.0031
   0,1      0      0      1      0      0 0.0032
   0,1      0      0      1      0      0 0.0031
   0,1      0      0      0      0      0 0.0000
   0,1      0      0      1      0      0 0.0031
   0,1      0      0      1      0      0 0.0030
   0,1      0      0      1      0      0 0.0031
   0,1      0      0      1      0      0 0.0032
   0,1      0      0      1      0      0 0.0031
   0,1      0      0      0      0      0 0.0000
   0,1      0      0      1      0      0 0.0030
   0,1      0      0      1      0      0 0.0030
   0,1      0      0      1      0      0 0.0031
   0,1      0      0      0      0      0 0.0000
   0,1      0      0      1      0      0 0.0033
  -1,1      1      0      3      0      0 0.0123
  -1,1      1      0      0      0      0 0.0032
  -1,1      1      0      0      0      0 0.0033
   0,1      0      0      0      0      0 0.0000
   0,1      0      0      1      0      0 0.0030
   0,1      0      0      1      0      0 0.0031
   0,1      0      0      1      0      0 0.0030
   0,1      0      0      1      0      0 0.0031
   0,1      0      0      1      0      0 0.0029
   0,1      0      0      0      0      0 0.0000
   0,1      0      0      1      0      0 0.0030
   0,1      0      0      1      0      0 0.0029
  -1,1      2      0      0      0      0 0.0057
   0,1      0      0      0      0      0 0.0000
   0,1      0      0      0      0      0 0.0000
  -1,1      0      0      0      0      1 0.0030
   0,1      0      0      1      0      0 0.0030
   0,1      0      0      1      0      0 0.0030
   0,1      0      0      0      0      0 0.0000
   0,1      0      0      1      0      0 0.0030
   0,1      0      0      1      0      0 0.0029
   0,1      0      0      3      0      0 0.0091
   0,1      0      0      1      0      0 0.0029
   0,1      0      0      1      0      0 0.0029
   0,1      0      0      1      0      0 0.0029
   0,1      0      0      0      0      0 0.0000
   0,1      0      0      1      0      0 0.0030
   0,1      0      0      1      0      0 0.0031
   0,1      0      0      1      0      0 0.0032
   0,1      0      0      1      0      0 0.0030
   0,1      2      0      1      0      0 0.0092
   0,1      0      0      2      0      0 0.0062
   0,1      0      0      0      0      0 0.0000
   0,1      0      0      1      0      0 0.0029
   0,1      1      0      1      0      0 0.0061
   0,1      0      0      1      0      0 0.0031
   0,1      0      0      1      0      0 0.0030
   0,1      0      0      3      0      0 0.0093
   0,1      0      0      0      0      0 0.0000
   0,1      0      0      1      0      0 0.0031
   0,1      0      0      1      0      0 0.0032
   0,1      0      0      1      0      0 0.0031
   0,1      1      0      1      0      0 0.0064
   0,1      0      0      0      0      0 0.0000
   0,1      0      0      0      0      0 0.0000
   0,1      2      0      1      0      0 0.0096
   0,1      0      0      0      0      0 0.0000
   0,1      1      0      1      0      0 0.0067
   0,1      0      0      1      0      0 0.0034
   0,1      1      0      0      0      0 0.0031
   0,1      1      0      0      0      0 0.0032
   0,1      0      0      1      0      0 0.0031
   0,1      0      0      0      0      0 0.0000
   0,1      0      0      1      0      0 0.0034
   0,1      0      0      1      0      0 0.0033
   0,1      0      0      1      0      0 0.0034
   0,1      0      0      1      0      0 0.0032
   0,1      0      0      1      0      0 0.0032
   0,1      0      0      1      0      0 0.0031
   0,1      0      0      0      0      0 0.0000
   0,1      0      0      1      0      0 0.0033
   0,1      0      0      1      0      0 0.0033
   0,1      0      0      0      0      0 0.0000
   0,1      0      0      2      0      0 0.0068
   0,1      0      0      1      0      0 0.0035
   0,1      2      0      0      0      0 0.0066
   0,1      0      0      1      0      0 0.0033
   0,1      1      0      0      0      0 0.0034
   0,1      0      0      0      0      0 0.0000
   0,1      1      0      0      0      0 0.0034
   0,1      0      0      1      0      0 0.0034
   0,1      2      0      1      0      0 0.0101
   0,1      0      0      0      0      0 0.0000
   0,1      1      0      0      0      0 0.0031
   0,1      0      0      0      0      0 0.0000
   0,1      1      0      0      0      0 0.0033
   0,1      0      0      0      0      0 0.0000
   0,1      2      0      0      0      0 0.0064
   0,1      0      0      0      0      0 0.0000
   0,1      0      0      1      0      0 0.0031
   0,1      0      0      1      0      0 0.0029
   0,1      0      0      1      0      0 0.0030
   0,1      0      0      1      0      0 0.0030
   0,1      0      0      1      0      0 0.0029
   0,1      0      0      0      0      0 0.0000
   0,1      0      0      1      0      0 0.0031
   0,1      0      0      4      0      0 0.0129
   0,1      0      0      1      0      0 0.0031
   0,1      0      0      1      0      0 0.0031
   0,1      0      0      1      0      0 0.0034
   0,1      0      0      6      0      0 0.0204
   0,1      0      0      2      0      0 0.0069
   0,1      0      0      1      0      0 0.0032
   0,1      0      0      1      0      0 0.0029
   0,1      0      0      1      0      0 0.0030
   0,1      0      0      1      0      0 0.0030
   0,1      0      0      1      0      0 0.0031
   0,1      0      0      0      0      0 0.0000
   0,1      0      0      1      0      0 0.0031
   0,1      0      0      0      0      0 0.0000
   0,1      0      0      1      0      0 0.0028
   0,1      0      0      1      0      0 0.0030
   0,1      0      0      0      0      0 0.0000
   0,1      1      0      0      0      0 0.0031
   0,1      0      0      0      0      0 0.0000
   0,1      0      0      1      0      0 0.0032
  -1,1      1      0      0      0      0 0.0032
   0,1      0      0      0      0      0 0.0000
   0,1      1      0      1      0      0 0.0063
   0,1      0      0      1      0      0 0.0030
   0,1      0      0      1      0      0 0.0030
   0,1      0      0      0      0      0 0.0000
   0,1      0      0      1      0      0 0.0030
   0,1      0      0      1      0      0 0.0032
   0,1      0      0      1      0      0 0.0031
   0,1      0      0      1      0      0 0.0032
   0,1      0      0      1      0      0 0.0032
   0,1      0      0      1      0      0 0.0031
   0,1      0      0      4      0      0 0.0124
   0,1      0      0      0      0      0 0.0000
   0,1      0      0      0      0      0 0.0000
   0,1      0      0      1      0      0 0.0030
   0,1      0      0      1      0      0 0.0030
   0,1      0      0      1      0      0 0.0029
   0,1      0      0      1      0      0 0.0029
   0,1      0      0      0      0      0 0.0000
   0,1      0      0      1      0      0 0.0031
   0,1      2      0      0      0      0 0.0059
   0,1      0      0      1      0      0 0.0031
   0,1      0      0      1      0      0 0.0030
   0,1      0      0      1      0      0 0.0030
   0,1      0      0      0      0      0 0.0000
   0,1      0      0      1      0      0 0.0031
   0,1      2      0      1      0      0 0.0090
   0,1      0      0      1      0      0 0.0032
   0,1      0      0      2      0      0 0.0062
   0,1      0      0      1      0      0 0.0032
   0,1      0      0      1      0      0 0.0034
   0,1      0      0      1      0      0 0.0034
   0,1      0      0      1      0      0 0.0034
   0,1      0      0      7      0      0 0.0244
   0,1      0      0      1      0      0 0.0034
   0,1      2      0      1      0      0 0.0095
   0,1      0      0      0      0      0 0.0000
   0,1      0      0      0      0      0 0.0000
   0,1      0      0      0      0      0 0.0000
   0,1      0      0      0      0      0 0.0000
   0,1      0      0      1      0      0 0.0033
   0,1      0      0      0      0      0 0.0000
   0,1      1      0      1      0      0 0.0065
   0,1      0      0      1      0      0 0.0033
   0,1      0      0      1      0      0 0.0032
   0,1      0      0      1      0      0 0.0034
   0,1      0      0      1      0      0 0.0032
   0,1      0      0      0      0      0 0.0000
   0,1      0      0      1      0      0 0.0033
   0,1      0      0      1      0      0 0.0035
   0,1      0      0      3      0      0 0.0103
   0,1      1      0      0      0      0 0.0032
   0,1      0      0      3      0      0 0.0100
   0,1      0      0      1      0      0 0.0033
   0,1      0      0     10      0      0 0.0329
   0,1      0      0      1      0      0 0.0030
   0,1      0      0      4      0      0 0.0129
   0,1      0      0      1      0      0 0.0031
   0,1      0      0      0      0      0 0.0000
   0,1      0      0      1      0      0 0.0032
   0,1      0      0      1      0      0 0.0030
   0,1      0      0      1      0      0 0.0028
   0,1      0      0      1      0      0 0.0028
   0,1      0      0      1      0      0 0.0029
   0,1      0      0      1      0      0 0.0028
   0,1      0      0      1      0      0 0.0029
   0,1      0      0      0      0      0 0.0000
   0,1      0      0      1      0      0 0.0029
   0,1      0      0      1      0      0 0.0028
   0,1      0      0      2      0      0 0.0061
   0,1      0      0      1      0      0 0.0031
   0,1      0      0      1      0      0 0.0032
   0,1      0      0      1      0      0 0.0030
   0,1      1      0      0      0      0 0.0029
   0,1      0      0      0      0      0 0.0000
   0,1      0      0      1      0      0 0.0031
   0,1      0      0      0      0      0 0.0000
   0,1      0      0      1      0      0 0.0031
   0,1      0      0      1      0      0 0.0029
   0,1      0      0      1      0      0 0.0029
   0,1      0      0      1      0      0 0.0030
   0,1      2      0      0      0      0 0.0060
   0,1      1      0      1      0      0 0.0064
   0,1      1      0      0      0      0 0.0030
   0,1      0      0      1      0      0 0.0029
   0,1      0      0      1      0      0 0.0030
   0,1      0      0      1      0      0 0.0029
   0,1      0      0      1      0      0 0.0029
   0,1      0      0      1      0      0 0.0031
   0,1      0      0      1      0      0 0.0030
   0,1      0      0      1      0      0 0.0028
   0,1      0      0      1      0      0 0.0029
   0,1      0      0      1      0      0 0.0028
   0,1      0      0      1      0      0 0.0027
   0,1      0      0      0      0      0 0.0000
   0,1      0      0      1      0      0 0.0031
   0,1      0      0      0      0      0 0.0000
   0,1      0      0      1      0      0 0.0030
   0,1      0      0      0      0      0 0.0000
   0,1      0      0      1      0      0 0.0031
   0,1      1      0      0      0      0 0.0032
   0,1      1      0      0      0      0 0.0035
   0,1      2      0      0      0      0 0.0068
  -1,1      2      0      0      0      0 0.0066
   0,1      0      0      0      0      0 0.0000
   0,1      0      0      0      0      0 0.0000
   0,1      0      0      1      0      0 0.0031
   0,1      0      0      1      0      0 0.0030
   0,1      0      0      1      0      0 0.0031
   0,1      0      0      1      0      0 0.0030
   0,1      0      0      1      0      0 0.0032
   0,1      0      0      1      0      0 0.0032
   0,1      1      0      0      0      0 0.0032
  -1,1      2      0      3      0      0 0.0158
   0,1      0      0      0      0      0 0.0000
   0,1      1      0      0      0      0 0.0032
  -1,1      1      0      0      0      0 0.0033
   0,1      0      0      1      0      0 0.0032
   0,1      0      0      1      0      0 0.0029
   0,1      0      0      1      0      0 0.0029
   0,1      0      0      1      0      0 0.0031
   0,1      0      0      1      0      0 0.0031
   0,1      1      0      1      0      0 0.0062
   0,1      0      0      0      0      0 0.0000
   0,1      0      0      2      0      0 0.0064
   0,1      0      0      1      0      0 0.0032
   0,1      0      0      1      0      0 0.0032
   0,1      0      0      1      0      0 0.0030
   0,1      0      0      1      0      0 0.0030
   0,1      0      0      1      0      0 0.0029
   0,1      0      0      0      0      0 0.0000
   0,1      0      0      1      0      0 0.0032
   0,1      0      0      0      0      0 0.0000
   0,1      0      0      1      0      0 0.0030
   0,1      0      0      1      0      0 0.0032
   0,1      1      0      1      0      0 0.0061
   0,1      2      0      0      0      0 0.0062
   0,1      0      0      0      0      0 0.0000
   0,1      2      0      1      0      0 0.0086
   0,1      0      0      0      0      0 0.0000
   0,1      0      0      1      0      0 0.0030
   0,1      0      0      1      0      0 0.0029
   0,1      1      0      0      0      0 0.0031
   0,1      0      0      0      0      0 0.0000
   0,1      0      0      1      0      0 0.0031
   0,1      0      0      1      0      0 0.0029
   0,1      0      0      1      0      0 0.0031
   0,1      0      0      1      0      0 0.0030
   0,1      0      0      1      0      0 0.0029
   0,1      0      0      1      0      0 0.0029
   0,1      0      0      1      0      0 0.0030
   0,1      0      0      1      0      0 0.0030
   0,1      0      0      0      0      0 0.0000
  -1,1      1      0      1      0      0 0.0056
   0,1      0      0      1      0      0 0.0029
   0,1      1      0      1      0      0 0.0057
   0,1      0      0      1      0      0 0.0030
   0,1      0      0      0      0      0 0.0000
   0,1      0      0      1      0      0 0.0031
   0,1      0      0      0      0      0 0.0000
   0,1      0      0      1      0      0 0.0030
   0,1      0      0      1      0      0 0.0031
   0,1      0      0      1      0      0 0.0032
   0,1      1      0      1      0      0 0.0061
   0,1      0      0      1      0      0 0.0031
   0,1      0      0      1      0      0 0.0031
   0,1      1      0      0      0      0 0.0032
   0,1      0      0      1      0      0 0.0031
   0,1      0      0      1      0      0 0.0030
   0,1      0      0      1      0      0 0.0030
   0,1      0      0      1      0      0 0.0032
   0,1      0      0      1      0      0 0.0030
   0,1      0      0      0      0      0 0.0000
   0,1      0      0      1      0      0 0.0030
   0,1      0      0      1      0      0 0.0028
   0,1      0      0      1      0      0 0.0028
   0,1      0      0      1      0      0 0.0031
   0,1      0      0      2      0      0 0.0062
   0,1      0      0      1      0      0 0.0032
   0,1      0      0      1      0      0 0.0032
   0,1      0      0      2      0      0 0.0065
   0,1      0      0      1      0      0 0.0032
   0,1      0      0      1      0      0 0.0031
   0,1      0      0      0      0      0 0.0000
   0,1      0      0      1      0      0 0.0030
   0,1      0      0      0      0      0 0.0000
   0,1      0      0      1      0      0 0.0030
   0,1      0      0      1      0      0 0.0032
   0,1      0      0      1      0      0 0.0030
   0,1      0      0      1      0      0 0.0032
   0,1      0      0      1      0      0 0.0030
   0,1      0      0      1      0      0 0.0030
   0,1      0      0      1      0      0 0.0030
   0,1      2      0      1      0      0 0.0089
   0,1      0      0      1      0      0 0.0029
   0,1      0      0      1      0      0 0.0030
   0,1      0      0      1      0      0 0.0030
   0,1      0      0      1      0      0 0.0029
   0,1      1      0      0      0      0 0.0029
   0,1      0      0      1      0      0 0.0031
   0,1      0      0      1      0      0 0.0029
   0,1      0      0      1      0      0 0.0030
   0,1      1      0      0      0      0 0.0031
   0,1      0      0      1      0      0 0.0030
   0,1      0      0      0      0      0 0.0000
   0,1      0      0      0      0      0 0.0000
   0,1      2      0      1      0      0 0.0096
   0,1      0      0      0      0      0 0.0000
   0,1      0      0      1      0      0 0.0029
   0,1      0      0      1      0      0 0.0030
   0,1      0      0      1      0      0 0.0029
   0,1      0      0      1      0      0 0.0030
   0,1      0      0      1      0      0 0.0030
   0,1      0      0      1      0      0 0.0030
   0,1      0      0      1      0      0 0.0030
   0,1      1      0      0      0      0 0.0032
   0,1      1      0      0      0      0 0.0030
   0,1      1      0      1      0      0 0.0063
   0,1      0      0      0      0      0 0.0000
   0,1      1      0      0      0      0 0.0032
   0,1      2      0      0      0      0 0.0063
   0,1      2      0      1      0      0 0.0090
   0,1      0      0      1      0      0 0.0031
   0,1      0      0      0      0      0 0.0000
   0,1      2      0      0      0      0 0.0060
   0,1      1      0      1      0      0 0.0066
   0,1      1      0      1      0      0 0.0062
   0,1      0      0      0      0      0 0.0000
   0,1      2      0      0      0      0 0.0062
   0,1      0      0      0      0      0 0.0000
  -1,1      1      0      1      0      0 0.0063
   0,1      1      0      1      0      0 0.0067
  -1,1      1      0      0      0      0 0.0034
   0,1      0      0      1      0      0 0.0032
   0,1      2      0      0      0      0 0.0061
   0,1      0      0      1      0      0 0.0029
   0,1      0      0      1      0      0 0.0029
   0,1      0      0      1      0      0 0.0029
   0,1      1      0      0      0      0 0.0030
   0,1      0      0      2      0      0 0.0064
   0,1      0      0      1      0      0 0.0031
   0,1      0      0      1      0      0 0.0031
   0,1      0      0      0      0      0 0.0000
   0,1      0      0      0      0      0 0.0000
   0,1      2      0      0      0      0 0.0066
   0,1      1      0      0      0      0 0.0034
   0,1      2      0      0      0      0 0.0065
  -1,1      1      0      1      0      0 0.0063
   0,1      0      0      0      0      0 0.0000
   0,1      1      0      0      0      0 0.0031
   0,1      0      0      1      0      0 0.0031
   0,1      0      0      1      0      0 0.0029
   0,1      0      0      0      0      0 0.0000
   0,1      2      0      0      0      0 0.0067
   0,1      0      0      0      0      0 0.0000
   0,1      0      0      0      0      0 0.0000
   0,1      0      0      0      0      0 0.0000
   0,1      1      0      1      0      0 0.0066
   0,1      1      0      0      0      0 0.0032
   0,1      2      0      1      0      0 0.0096
   0,1      0      0      1      0      0 0.0031
   0,1      0      0      1      0      0 0.0032
   0,1      2      0      0      0      0 0.0065
   0,1      0      0      1      0      0 0.0031
   0,1      0      0      1      0      0 0.0031
   0,1      0      0      1      0      0 0.0029
   0,1      0      0      1      0      0 0.0033
   0,1      0      0      1      0      0 0.0031
   0,1      0      0      1      0      0 0.0031
   0,1      1      0      0      0      0 0.0032
   0,1      0      0      0      0      0 0.0000
   0,1      0      0      3      0      0 0.0096
   0,1      0      0      1      0      0 0.0032
   0,1      0      0      1      0      0 0.0029
   0,1      0      0      1      0      0 0.0032
   0,1      0      0      1      0      0 0.0031
   0,1      0      0      7      0      0 0.0221
   0,1      0      0      1      0      0 0.0033
   0,1      0      0      0      0      0 0.0000
   0,1      0      0      1      0      0 0.0031
   0,1      0      0      1      0      0 0.0032
   0,1      0      0      1      0      0 0.0031
   0,1      0      0      8      0      0 0.0268
   0,1      0      0      0      0      0 0.0000
   0,1      1      0      1      0      0 0.0062
   0,1      0      0      1      0      0 0.0031
   0,1      0      0      1      0      0 0.0031
   0,1      0      0      1      0      0 0.0030
   0,1      0      0      1      0      0 0.0032
   0,1      0      0      0      0      0 0.0000
   0,1      0      0      0      0      0 0.0000
   0,1      1      0      0      0      0 0.0031
   0,1      0      0      0      0      0 0.0000
   0,1      2      0      0      0      0 0.0063
   0,1      0      0      0      0      0 0.0000
   0,1      2      0      0      0      0 0.0064
   0,1      2      0      0      0      0 0.0065
   0,1      0      0      0      0      0 0.0000
   0,1      2      0      0      0      0 0.0070
   0,1      0      0      0      0      0 0.0000
   0,1      2      0      0      0      0 0.0063
   0,1      0      0      0      0      0 0.0000
   0,1      0      0      1      0      0 0.0031
   0,1      0      0      7      0      0 0.0213
   0,1      0      0      2      0      0 0.0064
   0,1      0      0      1      0      0 0.0032
   0,1      0      0      1      0      0 0.0030
   0,1      0      0      2      0      0 0.0060
   0,1      0      0      0      0      0 0.0000
   0,1      0      0      1      0      0 0.0030
   0,1      0      0      2      0      0 0.0066
   0,1      0      0      1      0      0 0.0032
   0,1      0      0      1      0      0 0.0032
   0,1      0      0      1      0      0 0.0030
   0,1      1      0      1      0      0 0.0067
   0,1      0      0      1      0      0 0.0032
   0,1      0      0      0      0      0 0.0000
   0,1      0      0      1      0      0 0.0033
   0,1      0      0      1      0      0 0.0033
   0,1      0      0      1      0      0 0.0033
   0,1      0      0      1      0      0 0.0031
   0,1      0      0      6      0      0 0.0193
   0,1      0      0      1      0      0 0.0033
   0,1      0      0      1      0      0 0.0032
   0,1      1      0      0      0      0 0.0031
   0,1      0      0      0      0      0 0.0000
   0,1      0      0      1      0      0 0.0031
   0,1      0      0      0      0      0 0.0000
   0,1      0      0      1      0      0 0.0034
   0,1      2      0      0      0      0 0.0065
   0,1      2      0      0      0      0 0.0067
   0,1      2      0      0      0      0 0.0066
   0,1      1      0      0      0      0 0.0031
   0,1      0      0      1      0      0 0.0032
   0,1      1      0      0      0      0 0.0033
   0,1      2      0      1      0      0 0.0097
   0,1      1      0      0      0      0 0.0033
   0,1      2      0      0      0      0 0.0061
   0,1      2      0      0      0      0 0.0062
   0,1      0      0      1      0      0 0.0030
   0,1      0      0      1      0      0 0.0032
   0,1      2      0      0      0      0 0.0065
   0,1      1      0      0      0      0 0.0033
   0,1      2      0      0      0      0 0.0066
   0,1      1      0      0      0      0 0.0032
   0,1      2      0      0      0      0 0.0065
   0,1      0      0      1      0      0 0.0031
   0,1      2      0      0      0      0 0.0062
   0,1      0      0      0      0      0 0.0000
   0,1      0      0      1      0      0 0.0033
   0,1      0      0      0      0      0 0.0000
  -1,1      1      0      0      0      0 0.0032
   0,1      1      0      0      0      0 0.0033
   0,1      1      0      0      0      0 0.0034
   0,1      0      0      0      0      0 0.0000
  -1,1      1      0      0      0      0 0.0033
   0,1      0      0      0      0      0 0.0000
   0,1      0      0      1      0      0 0.0032
   0,1      0      0      1      0      0 0.0032
   0,1      0      0      0      0      0 0.0000
   0,1      0      0      1      0      0 0.0030
   0,1      0      0      1      0      0 0.0028
   0,1      0      0      1      0      0 0.0029
   0,1      0      0      1      0      0 0.0029
   0,1      0      0      1      0      0 0.0029
   0,1      0      0      1      0      0 0.0030
   0,1      0      0      1      0      0 0.0030
   0,1      0      0      1      0      0 0.0030
   0,1      0      0      1      0      0 0.0031
   0,1      0      0      1      0      0 0.0031
   0,1      0      0      1      0      0 0.0031
   0,1      0      0      1      0      0 0.0030
   0,1      0      0      1      0      0 0.0030
   0,1      0      0      1      0      0 0.0030
   0,1      0      0      1      0      0 0.0030
   0,1      1      0      0      0      0 0.0029
   0,1      0      0      0      0      0 0.0000
   0,1      0      0      1      0      0 0.0028
   0,1      0      0      1      0      0 0.0029
   0,1      0      0      1      0      0 0.0028
   0,1      1      0      0      0      0 0.0029
   0,1      0      0      1      0      0 0.0030
   0,1      0      0      1      0      0 0.0030
   0,1      0      0      0      0      0 0.0000
   0,1      0      0      1      0      0 0.0031
   0,1      0      0      1      0      0 0.0030
   0,1      0      0      1      0      0 0.0031
   0,1      1      0      0      0      0 0.0030
   0,1      2      0      1      0      0 0.0094
   0,1      0      0      1      0      0 0.0034
   0,1      0      0      1      0      0 0.0034
   0,1      0      0      1      0      0 0.0030
   0,1      0      0      1      0      0 0.0031
   0,1      2      0      1      0      0 0.0090
   0,1      0      0      0      0      0 0.0000
   0,1      0      0      1      0      0 0.0035
   0,1      0      0      1      0      0 0.0031
   0,1      0      0      1      0      0 0.0029
   0,1      0      0      1      0      0 0.0030
   0,1      0      0      1      0      0 0.0029
   0,1      0      0      1      0      0 0.0032
   0,1      0      0      1      0      0 0.0030
   0,1      0      0      1      0      0 0.0030
   0,1      0      0      0      0      0 0.0000
   0,1      2      0      1      0      0 0.0094
   0,1      1      0      0      0      0 0.0031
   0,1      0      0      1      0      0 0.0028
   0,1      0      0      2      0      0 0.0058
   0,1      0      0      0      0      0 0.0000
   0,1      2      0      0      0      0 0.0060
   0,1      0      0      1      0      0 0.0029
   0,1      0      0      1      0      0 0.0032
   0,1      0      0      1      0      0 0.0029
   0,1      0      0      0      0      0 0.0000
   0,1      0      0      1      0      0 0.0031
   0,1      0      0      1      0      0 0.0032
   0,1      0      0      0      0      0 0.0000
   0,1      0      0      1      0      0 0.0031
   0,1      0      0      0      0      0 0.0000
   0,1      0      0      1      0      0 0.0033
   0,1      1      0      1      0      0 0.0068
   0,1      0      0      1      0      0 0.0034
   0,1      0      0      0      0      0 0.0000
   0,1      0      0      1      0      0 0.0031
   0,1      0      0      0      0      0 0.0000
   0,1      0      0      1      0      0 0.0030
   0,1      0      0      1      0      0 0.0032
   0,1      2      0      0      0      0 0.0066
   0,1      0      0      1      0      0 0.0032
   0,1      0      0      0      0      0 0.0000
  -1,1      1      0      0      0      0 0.0032
   0,1      0      0      0      0      0 0.0000
   0,1      0      0      0      0      0 0.0000
   0,1      0      0      1      0      0 0.0031
   0,1      1      0      1      0      0 0.0065
   0,1      0      0      1      0      0 0.0030
   0,1      0      0      0      0      0 0.0000
   0,1      0      0      1      0      0 0.0030
   0,1      0      0      1      0      0 0.0030
   0,1      0      0      0      0      0 0.0000
   0,1      0      0      1      0      0 0.0029
   0,1      0      0      1      0      0 0.0030
   0,1      0      0      1      0      0 0.0029
   0,1      0      0      1      0      0 0.0030
   0,1      0      0      1      0      0 0.0031
   0,1      0      0      1      0      0 0.0031
   0,1      0      0      0      0      0 0.0000
   0,1      0      0      1      0      0 0.0030
   0,1      0      0      0      0      0 0.0000
   0,1      0      0      1      0      0 0.0032
   0,1      0      0      1      0      0 0.0030
   0,1      0      0      1      0      0 0.0031
   0,1      0      0      1      0      0 0.0030
   0,1      0      0      1      0      0 0.0032
   0,1      0      0      1      0      0 0.0031
   0,1      0      0      1      0      0 0.0030
   0,1      1      0      1      0      0 0.0063
   0,1      1      0      0      0      0 0.0031
   0,1      0      0      1      0      0 0.0031
   0,1      0      0      1      0      0 0.0031
   0,1      1      0      1      0      0 0.0060
   0,1      0      0      0      0      0 0.0000
   0,1      0      0      0      0      0 0.0000
   0,1      0      0      1      0      0 0.0028
   0,1      0      0      1      0      0 0.0028
   0,1      0      0      1      0      0 0.0030
   0,1      0      0      1      0      0 0.0029
   0,1      0      0      1      0      0 0.0028
   0,1      0      0      1      0      0 0.0029
   0,1      0      0      1      0      0 0.0030
   0,1      0      0      1      0      0 0.0028
   0,1      0      0      0      0      0 0.0000
   0,1      1      0      1      0      0 0.0060
   0,1      0      0      1      0      0 0.0031
   0,1      0      0      0      0      0 0.0000
   0,1      0      0      0      0      0 0.0000
   0,1      0      0      1      0      0 0.0029
   0,1      1      0      0      0      0 0.0029
   0,1      0      0      1      0      0 0.0029
   0,1      0      0      1      0      0 0.0029
   0,1      0      0      1      0      0 0.0028
   0,1      0      0      1      0      0 0.0027
   0,1      0      0      1      0      0 0.0027
   0,1      0      0      2      0      0 0.0058
   0,1      0      0      1      0      0 0.0030
   0,1      0      0      2      0      0 0.0060
   0,1      0      0      1      0      0 0.0031
   0,1      0      0      1      0      0 0.0030
   0,1      0      0      1      0      0 0.0029
   0,1      0      0      1      0      0 0.0029
   0,1      0      0      1      0      0 0.0030
   0,1      0      0      1      0      0 0.0030
   0,1      0      0      1      0      0 0.0029
   0,1      0      0      1      0      0 0.0030
   0,1      0      0      1      0      0 0.0029
   0,1      0      0      1      0      0 0.0032
   0,1      0      0      1      0      0 0.0030
   0,1      0      0      1      0      0 0.0032
   0,1      0      0      1      0      0 0.0030
   0,1      0      0      1      0      0 0.0029
   0,1      0      0      1      0      0 0.0030
   0,1      0      0      1      0      0 0.0030
   0,1      0      0      1      0      0 0.0030
   0,1      0      0      0      0      0 0.0000
   0,1      0      0      1      0      0 0.0029
   0,1      0      0      1      0      0 0.0030
   0,1      0      0      1      0      0 0.0030
   0,1      1      0      0      0      0 0.0031
   0,1      0      0      1      0      0 0.0030
   0,1      0      0      0      0      0 0.0000
   0,1      0      0      0      0      0 0.0000
   0,1      0      0      1      0      0 0.0032
   0,1      0      0      0      0      0 0.0000
   0,1      0      0      0      0      0 0.0000
   0,1      0      0      1      0      0 0.0032
   0,1      0      0      1      0      0 0.0031
   0,1      0      0      0      0      0 0.0000
   0,1      0      0      1      0      0 0.0032
   0,1      0      0      1      0      0 0.0031
   0,1      0      0      1      0      0 0.0030
   0,1      0      0      0      0      0 0.0000
   0,1      0      0      1      0      0 0.0029
   0,1      0      0      0      0      0 0.0000
  -1,1      1      0      0      0      0 0.0029
   0,1      0      0      1      0      0 0.0028
   0,1      0      0      0      0      0 0.0000
  -1,1      1      0      0      0      0 0.0028
   0,1      0      0      1      0      0 0.0029
   0,1      0      0      1      0      0 0.0029
   0,1      0      0      0      0      0 0.0000
   0,1      0      0      1      0      0 0.0029
   0,1      0      0      1      0      0 0.0029
   0,1      0      0      1      0      0 0.0031
   0,1      0      0      1      0      0 0.0032
   0,1      0      0      1      0      0 0.0030
   0,1      0      0      1      0      0 0.0031
   0,1      0      0      0      0      0 0.0000
   0,1      0      0      0      0      0 0.0000
   0,1      0      0      1      0      0 0.0030
  -1,1      1      0      1      0      0 0.0065
  -1,1      1      0      0      0      0 0.0031
   0,1      0      0      0      0      0 0.0000
   0,1      0      0      0      0      0 0.0000
   0,1      0      0      1      0      0 0.0030
   0,1      0      0      1      0      0 0.0034
   0,1      0      0      1      0      0 0.0032
   0,1      0      0      1      0      0 0.0031
   0,1      0      0      1      0      0 0.0031
   0,1      0      0      1      0      0 0.0030
   0,1      0      0      1      0      0 0.0029
   0,1      0      0      1      0      0 0.0030
   0,1      0      0      1      0      0 0.0031
   0,1      0      0      0      0      0 0.0000
   0,1      0      0      1      0      0 0.0028
   0,1      0      0      1      0      0 0.0030
   0,1      0      0      1      0      0 0.0028
   0,1      0      0      1      0      0 0.0029
   0,1      0      0      1      0      0 0.0030
  -1,1      1      0      1      0      0 0.0060
   0,1      1      0      1      0      0 0.0056
  -1,1      1      0      2      0      0 0.0091
   0,1      0      0      1      0      0 0.0029
   0,1      0      0      1      0      0 0.0029
   0,1      2      0      1      0      0 0.0085
   0,1      0      0      1      0      0 0.0030
   0,1      2      0      0      0      0 0.0060
   0,1      2      0      1      0      0 0.0091
   0,1      0      0      1      0      0 0.0031
   0,1      0      0      0      0      0 0.0000
  -1,1      1      0      1      0      0 0.0063
   0,1      1      0      1      0      0 0.0061
   0,1      1      0      0      0      0 0.0031
   0,1      0      0      0      0      0 0.0000
   0,1      0      0      0      0      0 0.0000
   0,1      0      0      1      0      0 0.0031
   0,1      2      0      0      0      0 0.0065
  -1,1      1      0      1      0      0 0.0064
   0,1      0      0      1      0      0 0.0030
   0,1      0      0      1      0      0 0.0029
   0,1      0      0      0      0      0 0.0000
   0,1      1      0      1      0      0 0.0062
   0,1      0      0      0      0      0 0.0000
   0,1      0      0      1      0      0 0.0030
   0,1      2      0      1      0      0 0.0088
   0,1      0      0      1      0      0 0.0030
   0,1      0      0      0      0      0 0.0000
   0,1      0      0      0      0      0 0.0000
   0,1      0      0      1      0      0 0.0029
   0,1      0      0      1      0      0 0.0030
   0,1      0      0      1      0      0 0.0029
   0,1      2      0      1      0      0 0.0090
   0,1      2      0      1      0      0 0.0086
   0,1      2      0      1      0      0 0.0087
   0,1      0      0      1      0      0 0.0028
   0,1      0      0      1      0      0 0.0029
   0,1      2      0      0      0      0 0.0060
   0,1      0      0      0      0      0 0.0000
   0,1      2      0      1      0      0 0.0095
   0,1      1      0      0      0      0 0.0031
   0,1      1      0      0      0      0 0.0030
   0,1      1      0      1      0      0 0.0059
   0,1      1      0      0      0      0 0.0030
   0,1      2      0      0      0      0 0.0065
   0,1      1      0      0      0      0 0.0034
   0,1      2      0      0      0      0 0.0067
   0,1      1      0      0      0      0 0.0032
   0,1      1      0      0      0      0 0.0031
   0,1      0      0      0      0      0 0.0000
   0,1      0      0      0      0      0 0.0000
   0,1      0      0      1      0      0 0.0032
   0,1      0      0      0      0      0 0.0000
   0,1      1      0      0      0      0 0.0031
   0,1      2      0      0      0      0 0.0061
   0,1      0      0      1      0      0 0.0030
   0,1      0      0      1      0      0 0.0029
   0,1      0      0      1      0      0 0.0030
   0,1      0      0      1      0      0 0.0031
   0,1      0      0      1      0      0 0.0031
   0,1      2      0      1      0      0 0.0092
   0,1      1      0      1      0      0 0.0059
  -1,1      2      0      1      0      0 0.0088
   0,1      0      0      1      0      0 0.0030
   0,1      2      0      0      0      0 0.0063
   0,1      0      0      0      0      0 0.0000
  -1,1      1      0      1      0      0 0.0060
   0,1      0      0      1      0      0 0.0030
   0,1      0      0      1      0      0 0.0029
   0,1      0      0      1      0      0 0.0030
   0,1      0      0      1      0      0 0.0032
   0,1      0      0      1      0      0 0.0031
  -1,1      1      0      0      0      0 0.0032
   0,1      0      0      0      0      0 0.0000
   0,1      0      0      1      0      0 0.0031
   0,1      0      0      0      0      0 0.0000
   0,1      0      0      1      0      0 0.0032
   0,1      0      0      1      0      0 0.0032
   0,1      0      0      1      0      0 0.0031
   0,1      0      0      1      0      0 0.0028
   0,1      0      0      1      0      0 0.0030
   0,1      0      0      0      0      0 0.0000
   0,1      0      0      1      0      0 0.0030
   0,1      0      0      1      0      0 0.0031
   0,1      0      0      0      0      0 0.0000
   0,1      0      0      3      0      0 0.0089
   0,1      0      0      0      0      0 0.0000
   0,1      0      0      1      0      0 0.0031
   0,1      0      0      1      0      0 0.0030
   0,1      0      0      1      0      0 0.0028
   0,1      0      0      1      0      0 0.0029
   0,1      0      0      1      0      0 0.0030
   0,1      0      0      1      0      0 0.0029
   0,1      0      0      1      0      0 0.0029
   0,1      0      0      0      0      0 0.0000
   0,1      0      0      1      0      0 0.0029
   0,1      0      0      1      0      0 0.0031
   0,1      0      0      1      0      0 0.0030
   0,1      0      0      1      0      0 0.0031
   0,1      0      0      1      0      0 0.0031
   0,1      0      0      1      0      0 0.0030
   0,1      0      0      0      0      0 0.0000
   0,1      0      0      1      0      0 0.0030
   0,1      0      0      0      0      0 0.0000
   0,1      0      0      1      0      0 0.0028
   0,1      0      0      1      0      0 0.0028
   0,1      0      0      1      0      0 0.0028
   0,1      1      0      1      0      0 0.0057
   0,1      0      0      1      0      0 0.0031
   0,1      1      0      1      0      0 0.0061
   0,1      0      0      0      0      0 0.0000
   0,1      0      0      0      0      0 0.0000
   0,1      2      0      0      0      0 0.0061
   0,1      0      0      1      0      0 0.0031
   0,1      0      0      1      0      0 0.0029
   0,1      0      0      1      0      0 0.0030
   0,1      0      0      1      0      0 0.0029
   0,1      0      0      1      0      0 0.0028
   0,1      0      0      0      0      0 0.0000
   0,1      0      0      1      0      0 0.0032
   0,1      0      0      0      0      0 0.0000
   0,1      0      0      0      0      0 0.0000
   0,1      0      0      1      0      0 0.0030
   0,1      0      0      1      0      0 0.0030
   0,1      0      0      0      0      0 0.0000
   0,1      0      0      1      0      0 0.0031
   0,1      0      0      1      0      0 0.0030
   0,1      0      0      1      0      0 0.0030
   0,1      0      0      1      0      0 0.0030
   0,1      0      0      0      0      0 0.0000
   0,1      0      0      0      0      0 0.0000
   0,1      0      0      1      0      0 0.0030
   0,1      0      0      0      0      0 0.0000
   0,1      2      0      1      0      0 0.0089
   0,1      0      0      0      0      0 0.0000
   0,1      0      0      1      0      0 0.0031
   0,1      0      0      1      0      0 0.0030
   0,1      0      0      1      0      0 0.0030
   0,1      0      0      1      0      0 0.0030
   0,1      0      0      1      0      0 0.0032
   0,1      0      0      0      0      0 0.0000
   0,1      0      0      1      0      0 0.0032
   0,1      0      0      1      0      0 0.0031
   0,1      0      0      1      0      0 0.0031
   0,1      0      0      1      0      0 0.0033
   0,1      1      0      0      0      0 0.0032
   0,1      1      0      0      0      0 0.0034
   0,1      0      0      1      0      0 0.0032
   0,1      0      0      1      0      0 0.0031
   0,1      0      0      0      0      0 0.0000
   0,1      0      0      1      0      0 0.0032
   0,1      0      0      1      0      0 0.0032
   0,1      0      0      1      0      0 0.0033
   0,1      0      0      1      0      0 0.0034
   0,1      0      0      1      0      0 0.0032
   0,1      0      0      3      0      0 0.0104
   0,1      0      0      0      0      0 0.0000
   0,1      0      0      1      0      0 0.0031
   0,1      0      0      1      0      0 0.0032
   0,1      0      0      1      0      0 0.0032
   0,1      0      0      1      0      0 0.0031
   0,1      0      0      1      0      0 0.0033
   0,1      0      0      0      0      0 0.0000
   0,1      0      0      1      0      0 0.0031
   0,1      0      0      1      0      0 0.0031
   0,1      0      0      0      0      0 0.0000
   0,1      0      0      1      0      0 0.0029
   0,1      0      0      2      0      0 0.0062
   0,1      1      0      1      0      0 0.0061
   0,1      1      0      0      0      0 0.0031
   0,1      0      0      1      0      0 0.0032
   0,1      0      0      1      0      0 0.0031
   0,1      2      0      1      0      0 0.0095
   0,1      0      0      0      0      0 0.0000
   0,1      0      0      1      0      0 0.0030
   0,1      0      0      3      0      0 0.0096
   0,1      1      0      0      0      0 0.0031
  -1,1      1      0      1      0      0 0.0062
   0,1      0      0      1      0      0 0.0031
   0,1      0      0      1      0      0 0.0032
   0,1      0      0      1      0      0 0.0031
   0,1      2      0      1      0      0 0.0096
   0,1      2      0      1      0      0 0.0091
   0,1      0      0      1      0      0 0.0033
  -1,1      1      0      0      0      0 0.0032
   0,1      0      0      1      0      0 0.0032
   0,1      0      0      0      0      0 0.0000
   0,1      0      0      1      0      0 0.0033
   0,1      0      0      1      0      0 0.0030
  -1,1      1      0      0      0      0 0.0030
   0,1      0      0      0      0      0 0.0000
   0,1      2      0      0      0      0 0.0061
   0,1      1      0      1      0      0 0.0060
   0,1      0      0      1      0      0 0.0032
   0,1      0      0      2      0      0 0.0063
   0,1      1      0      0      0      0 0.0031
   0,1      0      0      5      0      0 0.0159
   0,1      0      0      1      0      0 0.0031
   0,1      0      0      0      0      0 0.0000
   0,1      0      0      1      0      0 0.0032
   0,1      0      0      0      0      0 0.0000
   0,1      0      0      0      0      0 0.0000
   0,1      0      0      2      0      0 0.0065
   0,1      0      0      0      0      0 0.0000
   0,1      0      0      1      0      0 0.0032
   0,1      0      0      0      0      0 0.0000
   0,1      1      0      0      0      0 0.0034
   0,1      1      0      1      0      0 0.0069
  -1,1      1      0      4      0      0 0.0175
   0,1      0      0      0      0      0 0.0000
   0,1      0      0      0      0      0 0.0000
   0,1      0      0      0      0      0 0.0000
   0,1      0      0      1      0      0 0.0032
   0,1      0      0      3      0      0 0.0096
   0,1      0      0      0      0      0 0.0000
  -1,1      1      0      1      0      0 0.0065
   0,1      0      0      1      0      0 0.0030
   0,1      0      0      1      0      0 0.0032
   0,1      2      0      0      0      0 0.0063
   0,1      0      0      0      0      0 0.0000
   0,1      2      0      0      0      0 0.0062
   0,1      0      0      0      0      0 0.0000
  -1,1      1      0      1      0      0 0.0062
   0,1      0      0      1      0      0 0.0030
   0,1      1      0      0      0      0 0.0028
   0,1      0      0      1      0      0 0.0029
   0,1      0      0      0      0      0 0.0000
   0,1      0      0      1      0      0 0.0028
   0,1      0      0      0      0      0 0.0000
   0,1      0      0      1      0      0 0.0029
   0,1      0      0      0      0      0 0.0000
   0,1      0      0      1      0      0 0.0029
   0,1      0      0      1      0      0 0.0031
   0,1      0      0      1      0      0 0.0031
   0,1      0      0      1      0      0 0.0032
   0,1      0      0      1      0      0 0.0030
   0,1      0      0      1      0      0 0.0030
   0,1      0      0      0      0      0 0.0000
   0,1      0      0      0      0      0 0.0000
   0,1      0      0      3      0      0 0.0099
   0,1      0      0      1      0      0 0.0031
   0,1      2      0      1      0      0 0.0098
   0,1      0      0      0      0      0 0.0000
   0,1      1      0      1      0      0 0.0066
   0,1      1      0      0      0      0 0.0032
   0,1      0      0      0      0      0 0.0000
   0,1      1      0      1      0      0 0.0064
   0,1      0      0      0      0      0 0.0000
   0,1      0      0      0      0      0 0.0000
  -1,1      1      0      1      0      0 0.0059
   0,1      0      0      1      0      0 0.0031
   0,1      0      0      1      0      0 0.0032
   0,1      0      0      1      0      0 0.0031
   0,1      0      0      1      0      0 0.0031
   0,1      0      0      3      0      0 0.0095
   0,1      0      0      1      0      0 0.0030
   0,1      0      0      1      0      0 0.0030
   0,1      1      0      2      0      0 0.0091
  -1,1      1      0      1      0      0 0.0061
   0,1      0      0      0      0      0 0.0000
   0,1      0      0      1      0      0 0.0031
   0,1      0      0      1      0      0 0.0032
   0,1      0      0      1      0      0 0.0031
   0,1      1      0      0      0      0 0.0030
   0,1      0      0      0      0      0 0.0000
   0,1      0      0      0      0      0 0.0000
   0,1      1      0      1      0      0 0.0065
   0,1      0      0      1      0      0 0.0032
   0,1      0      0      1      0      0 0.0029
   0,1      0      0      1      0      0 0.0031
   0,1      0      0      0      0      0 0.0000
   0,1      0      0      0      0      0 0.0000
   0,1      0      0      1      0      0 0.0029
   0,1      0      0      0      0      0 0.0000
   0,1      0      0      1      0      0 0.0029
   0,1      0      0      1      0      0 0.0031
   0,1      0      0      1      0      0 0.0032
   0,1      0      0      1      0      0 0.0032
   0,1      2      0      1      0      0 0.0096
   0,1      2      0      0      0      0 0.0067
   0,1      0      0      1      0      0 0.0031
   0,1      0      0      0      0      0 0.0000
   0,1      0      0      1      0      0 0.0031
   0,1      0      0      1      0      0 0.0032
   0,1      1      0      1      0      0 0.0064
   0,1      0      0      1      0      0 0.0028
   0,1      0      0      1      0      0 0.0032
  -1,1      2      0      2      0      1 0.0159
   0,1      0      0      1      0      0 0.0031
   0,1      0      0      1      0      0 0.0032
   0,1      0      0      1      0      0 0.0029
   0,1      0      0      1      0      0 0.0029
   0,1      2      0      1      0      0 0.0090
   0,1      0      0      1      0      0 0.0031
   0,1      0      0      1      0      0 0.0031
   0,1      0      0      1      0      0 0.0032
   0,1      0      0      1      0      0 0.0031
   0,1      1      0      1      0      0 0.0063
   0,1      1      0      1      0      0 0.0068
   0,1      0      0      3      0      0 0.0102
   0,1      0      0      1      0      0 0.0033
   0,1      0      0      1      0      0 0.0032
   0,1      1      0      0      0      0 0.0032
   0,1      1      0      0      0      0 0.0032
   0,1      0      0      1      0      0 0.0031
   0,1      1      0      0      0      0 0.0033
   0,1      2      0      1      0      0 0.0098
   0,1      0      0      1      0      0 0.0030
   0,1      1      0      0      0      0 0.0031
   0,1      0      0      1      0      0 0.0031
   0,1      0      0      1      0      0 0.0031
   0,1      0      0      1      0      0 0.0034
   0,1      1      0      0      0      0 0.0031
   0,1      0      0      1      0      0 0.0031
   0,1      0      0      0      0      0 0.0000
   0,1      0      0      1      0      0 0.0033
   0,1      2      0      0      0      0 0.0068
   0,1      2      0      0      0      0 0.0065
   0,1      1      0      1      0      0 0.0061
   0,1      0      0      1      0      0 0.0031
   0,1      0      0      0      0      0 0.0000
  -1,1      1      0      0      0      0 0.0029
  -1,1      1      0      0      0      0 0.0030
   0,1      0      0      1      0      0 0.0031
  -1,1      1      0      0      0      0 0.0032
   0,1      0      0      1      0      0 0.0031
   0,1      0      0      1      0      0 0.0029
   0,1      0      0      1      0      0 0.0030
   0,1      0      0      1      0      0 0.0031
   0,1      0      0      1      0      0 0.0031
   0,1      0      0      1      0      0 0.0032
   0,1      0      0      0      0      0 0.0000
   0,1      0      0      1      0      0 0.0032
   0,1      0      0      1      0      0 0.0030
   0,1      0      0      1      0      0 0.0030
   0,1      0      0      1      0      0 0.0031
   0,1      0      0      1      0      0 0.0033
   0,1      0      0      0      0      0 0.0000
   0,1      0      0      1      0      0 0.0034
   0,1      0      0      0      0      0 0.0000
   0,1      0      0      1      0      0 0.0032
   0,1      0      0      1      0      0 0.0032
   0,1      0      0      1      0      0 0.0031
   0,1      0      0      1      0      0 0.0032
   0,1      0      0      1      0      0 0.0033
   0,1      0      0      1      0      0 0.0033
   0,1      2      0      0      0      0 0.0071
  -1,1      1      0      1      0      0 0.0065
   0,1      0      0      0      0      0 0.0000
   0,1      2      0      0      0      0 0.0067
   0,1      1      0      1      0      0 0.0067
   0,1      2      0      0      0      0 0.0064
   0,1      3      0      0      0      0 0.0101
   0,1      0      0      0      0      0 0.0000
   0,1      2      0      0      0      0 0.0063
   0,1      0      0      0      0      0 0.0000
   0,1      0      0      2      0      0 0.0063
   0,1      0      0      1      0      0 0.0031
  -1,1      0      0      6      0      1 0.0219
   0,1      0      0      1      0      0 0.0029
   0,1      0      0      1      0      0 0.0030
   0,1      0      0      1      0      0 0.0028
   0,1      0      0      1      0      0 0.0030
   0,1      1      0      0      0      0 0.0031
   0,1      0      0      0      0      0 0.0000
   0,1      0      0      1      0      0 0.0030
   0,1      0      0      1      0      0 0.0030
   0,1      0      0      1      0      0 0.0029
   0,1      0      0      1      0      0 0.0030
   0,1      0      0      1      0      0 0.0029
   0,1      0      0      1      0      0 0.0029
   0,1      2      0      1      0      0 0.0088
   0,1      0      0      1      0      0 0.0030
   0,1      0      0      0      0      0 0.0000
   0,1      0      0      1      0      0 0.0030
   0,1      0      0      1      0      0 0.0030
   0,1      0      0      1      0      0 0.0031
  -1,1      3      0      0      0      0 0.0091
   0,1      0      0      1      0      0 0.0030
   0,1      0      0      1      0      0 0.0030
   0,1      0      0      1      0      0 0.0031
   0,1      0      0      0      0      0 0.0000
   0,1      0      0      1      0      0 0.0032
   0,1      0      0      1      0      0 0.0032
   0,1      0      0      1      0      0 0.0032
   0,1      0      0      1      0      0 0.0030
   0,1      0      0      1      0      0 0.0029
   0,1      0      0      1      0      0 0.0031
   0,1      0      0      1      0      0 0.0029
   0,1      0      0      1      0      0 0.0031
   0,1      0      0      1      0      0 0.0031
   0,1      0      0      1      0      0 0.0031
   0,1      0      0      1      0      0 0.0031
   0,1      0      0      0      0      0 0.0000
   0,1      0      0      1      0      0 0.0031
   0,1      0      0      0      0      0 0.0000
   0,1      0      0      0      0      0 0.0000
   0,1      0      0      1      0      0 0.0032
   0,1      0      0      1      0      0 0.0032
  -1,1      1      0      0      0      0 0.0033
   0,1      0      0      1      0      0 0.0035
   0,1      0      0      0      0      0 0.0000
   0,1      0      0      1      0      0 0.0035
   0,1      2      0      0      0      0 0.0067
   0,1      0      0      1      0      0 0.0033
   0,1      0      0      1      0      0 0.0032
   0,1      0      0      1      0      0 0.0032
   0,1      0      0      2      0      0 0.0065
   0,1      0      0      0      0      0 0.0000
   0,1      2      0      1      0      0 0.0104
   0,1      1      0      0      0      0 0.0031
   0,1      0      0      1      0      0 0.0034
   0,1      0      0      0      0      0 0.0000
   0,1      0      0      0      0      0 0.0000
   0,1      0      0      1      0      0 0.0030
   0,1      2      0      0      0      0 0.0061
   0,1      0      0      0      0      0 0.0000
   0,1      0      0      1      0      0 0.0031
   0,1      0      0      0      0      0 0.0000
   0,1      0      0      1      0      0 0.0033
   0,1      1      0      1      0      0 0.0064
   0,1      0      0      1      0      0 0.0032
   0,1      2      0      0      0      0 0.0061
   0,1      0      0      1      0      0 0.0031
   0,1      0      0      1      0      0 0.0030
   0,1      1      0      0      0      0 0.0034
   0,1      0      0      0      0      0 0.0000
   0,1      1      0      1      0      0 0.0064
  -1,1      1      0      1      0      0 0.0064
   0,1      1      0      0      0      0 0.0030
   0,1      0      0      1      0      0 0.0032
   0,1      2      0      2      0      0 0.0134
  -1,1      1      0      1      0      0 0.0062
   0,1      0      0      1      0      0 0.0032
   0,1      0      0      1      0      0 0.0031
   0,1      0      0      1      0      0 0.0031
   0,1      0      0      1      0      0 0.0029
   0,1      0      0      1      0      0 0.0030
   0,1      0      0      1      0      0 0.0030
   0,1      0      0      0      0      0 0.0000
   0,1      0      0      1      0      0 0.0031
   0,1      0      0      1      0      0 0.0032
   0,1      0      0      1      0      0 0.0030
   0,1      0      0      1      0      0 0.0029
   0,1      0      0      1      0      0 0.0030
   0,1      0      0      1      0      0 0.0031
   0,1      0      0      1      0      0 0.0032
   0,1      2      0      2      0      0 0.0125
   0,1      0      0      1      0      0 0.0030
   0,1      0      0      1      0      0 0.0030
   0,1      0      0      1      0      0 0.0030
   0,1      0      0      1      0      0 0.0030
   0,1      0      0      1      0      0 0.0030
   0,1      0      0      1      0      0 0.0030
   0,1      0      0      0      0      0 0.0000
   0,1      0      0      0      0      0 0.0000
   0,1      0      0      1      0      0 0.0031
   0,1      0      0      0      0      0 0.0000
   0,1      1      0      0      0      0 0.0031
   0,1      2      0      0      0      0 0.0063
   0,1      0      0      1      0      0 0.0031
   0,1      0      0      0      0      0 0.0000
   0,1      0      0      1      0      0 0.0031
   0,1      0      0      0      0      0 0.0000
   0,1      0      0      1      0      0 0.0030
   0,1      0      0      1      0      0 0.0030
   0,1      0      0      1      0      0 0.0029
   0,1      0      0      1      0      0 0.0030
   0,1      0      0      1      0      0 0.0030
   0,1      0      0      1      0      0 0.0030
   0,1      0      0      0      0      0 0.0000
   0,1      0      0      1      0      0 0.0030
   0,1      0      0      0      0      0 0.0000
   0,1      0      0      1      0      0 0.0029
   0,1      0      0      1      0      0 0.0033
   0,1      0      0      1      0      0 0.0031
   0,1      0      0      1      0      0 0.0031
   0,1      0      0      0      0      0 0.0000
   0,1      0      0      0      0      0 0.0000
   0,1      0      0      0      0      0 0.0000
   0,1      1      0      0      0      0 0.0036
   0,1      1      0      0      0      0 0.0034
   0,1      1      0      0      0      0 0.0037
   0,1      1      0      1      0      0 0.0070
   0,1      0      0      1      0      0 0.0030
   0,1      2      0      0      0      0 0.0066
   0,1      0      0      1      0      0 0.0033
   0,1      0      0      0      0      0 0.0000
   0,1      2      0      0      0      0 0.0068
   0,1      2      0      0      0      0 0.0070
   0,1      0      0      1      0      0 0.0034
   0,1      0      0      1      0      0 0.0031
   0,1      0      0      0      0      0 0.0000
   0,1      1      0      1      0      0 0.0061
   0,1      0      0      1      0      0 0.0029
   0,1      2      0      0      0      0 0.0056
   0,1      1      0      0      0      0 0.0029
   0,1      1      0      0      0      0 0.0030
   0,1      0      0      1      0      0 0.0028
   0,1      0      0      1      0      0 0.0030
   0,1      0      0      1      0      0 0.0031
   0,1      0      0      0      0      0 0.0000
   0,1      0      0      1      0      0 0.0030
   0,1      0      0      1      0      0 0.0032
   0,1      0      0      0      0      0 0.0000
   0,1      0      0      1      0      0 0.0031
   0,1      0      0      1      0      0 0.0031
   0,1      1      0      0      0      0 0.0032
   0,1      0      0      5      0      0 0.0167
   0,1      0      0      1      0      0 0.0031
   0,1      0      0      6      0      0 0.0195
   0,1      0      0      1      0      0 0.0030
   0,1      0      0      1      0      0 0.0030
   0,1      0      0      1      0      0 0.0029
   0,1      0      0      1      0      0 0.0028
   0,1      0      0      0      0      0 0.0000
   0,1      0      0      0      0      0 0.0000
   0,1      0      0      1      0      0 0.0028
   0,1      0      0      1      0      0 0.0029
   0,1      0      0      0      0      0 0.0000
   0,1      0      0      1      0      0 0.0029
   0,1      0      0      1      0      0 0.0029
   0,1      0      0      1      0      0 0.0030
   0,1      0      0      1      0      0 0.0030
   0,1      0      0      1      0      0 0.0028
