# G1: Gain entanglement and not switch chirality (e.g. 0 to 1)
# G2: Gain entanglement and switch chirality (e.g. -1 to 2)
# G3: Lose entanglement and not switch chirality (e.g. -2 to -1)
# G4: Lose entanglement and switch chirality (e.g. -2 to 1)
# G5: Only switch chirality (e.g. -1 to 1)
# fGtot: Total number of change of entanglement / Total number of native contacts in this structure
# Total native contact: 481
 max_g     G1     G2     G3     G4     G5  fGtot
   0,1      0      0      1      0      0 0.0030
   0,1      1      0      0      0      0 0.0029
   0,1      0      0      1      0      0 0.0031
   0,1      0      0      1      0      0 0.0032
   0,1      0      0      0      0      0 0.0000
   0,1      0      0      0      0      0 0.0000
   0,1      0      0      1      0      0 0.0031
   0,1      0      0      1      0      0 0.0030
   0,1      0      0      1      0      0 0.0031
   0,1      0      0      1      0      0 0.0032
   0,1      0      0      1      0      0 0.0032
   0,1      0      0      0      0      0 0.0000
   0,1      0      0      0      0      0 0.0000
   0,1      0      0      1      0      0 0.0031
   0,1      0      0      1      0      0 0.0031
   0,1      0      0      1      0      0 0.0031
   0,1      0      0      1      0      0 0.0031
   0,1      0      0      1      0      0 0.0031
   0,1      0      0      0      0      0 0.0000
   0,1      0      0      1      0      0 0.0031
   0,1      0      0      1      0      0 0.0033
   0,1      0      0      1      0      0 0.0032
   0,1      2      0      0      0      0 0.0063
   0,1      2      0      1      0      0 0.0091
   0,1      0      0      1      0      0 0.0033
   0,1      0      0      2      0      0 0.0061
   0,1      0      0      1      0      0 0.0031
  -1,1      1      0      1      0      0 0.0062
   0,1      0      0      1      0      0 0.0031
   0,1      0      0      1      0      0 0.0031
   0,1      0      0      1      0      0 0.0031
   0,1      0      0      1      0      0 0.0032
   0,1      0      0      1      0      0 0.0033
   0,1      0      0      0      0      0 0.0000
   0,1      0      0      1      0      0 0.0034
   0,1      1      0      1      0      0 0.0072
   0,1      1      0      0      0      0 0.0034
   0,1      0      0      1      0      0 0.0031
   0,1      0      0      1      0      0 0.0034
   0,1      0      0      0      0      0 0.0000
   0,1      0      0      0      0      0 0.0000
   0,1      0      0      1      0      0 0.0033
   0,1      1      0      0      0      0 0.0033
   0,1      0      0      0      0      0 0.0000
   0,1      0      0      1      0      0 0.0034
   0,1      0      0      0      0      0 0.0000
   0,1      0      0      1      0      0 0.0034
   0,1      0      0      1      0      0 0.0034
   0,1      0      0      0      0      0 0.0000
   0,1      0      0      1      0      0 0.0030
   0,1      2      0      0      0      0 0.0058
  -1,1      2      0      1      0      0 0.0092
   0,1      0      0      1      0      0 0.0033
   0,1      0      0      0      0      0 0.0000
   0,1      0      0      1      0      0 0.0031
   0,1      0      0      1      0      0 0.0034
   0,1      0      0      0      0      0 0.0000
   0,1      0      0      1      0      0 0.0032
   0,1      0      0      1      0      0 0.0033
  -1,1      2      0      1      0      0 0.0104
   0,1      0      0      1      0      0 0.0032
   0,1      0      0      0      0      0 0.0000
   0,1      0      0      1      0      0 0.0030
   0,1      0      0      1      0      0 0.0030
   0,1      3      0      0      0      0 0.0095
   0,1      0      0      0      0      0 0.0000
   0,1      0      0      0      0      0 0.0000
   0,1      2      0      1      0      0 0.0097
   0,1      0      0      0      0      0 0.0000
   0,1      2      0      0      0      0 0.0068
   0,1      2      0      0      0      0 0.0066
   0,1      0      0      1      0      0 0.0033
   0,1      1      0      1      0      0 0.0068
   0,1      2      0      0      0      0 0.0069
  -1,1      1      0      0      0      0 0.0033
   0,1      1      0      0      0      0 0.0033
   0,1      0      0      0      0      0 0.0000
   0,1      0      0      1      0      0 0.0031
   0,1      2      0      1      0      0 0.0093
   0,1      0      0      1      0      0 0.0031
   0,1      0      0      1      0      0 0.0030
   0,1      0      0      1      0      0 0.0030
   0,1      0      0      1      0      0 0.0029
   0,1      0      0      0      0      0 0.0000
   0,1      0      0      0      0      0 0.0000
   0,1      0      0      4      0      0 0.0122
   0,1      0      0      1      0      0 0.0031
   0,1      0      0      1      0      0 0.0031
   0,1      0      0      1      0      0 0.0031
   0,1      0      0      0      0      0 0.0000
   0,1      0      0      0      0      0 0.0000
   0,1      0      0      1      0      0 0.0033
   0,1      0      0      1      0      0 0.0030
   0,1      0      0      1      0      0 0.0032
   0,1      0      0      9      0      0 0.0257
   0,1      1      0      0      0      0 0.0031
   0,1      0      0      1      0      0 0.0030
   0,1      0      0      1      0      0 0.0031
   0,1      0      0      1      0      0 0.0034
   0,1      0      0      1      0      0 0.0033
   0,1      0      0      1      0      0 0.0033
   0,1      0      0      0      0      0 0.0000
   0,1      0      0      1      0      0 0.0030
   0,1      0      0      2      0      0 0.0061
   0,1      0      0      1      0      0 0.0029
   0,1      0      0      1      0      0 0.0028
   0,1      0      0      1      0      0 0.0028
   0,1      1      0      1      0      0 0.0062
   0,1      0      0      1      0      0 0.0029
   0,1      0      0      1      0      0 0.0029
   0,1      0      0      0      0      0 0.0000
   0,1      0      0      1      0      0 0.0031
   0,1      0      0      1      0      0 0.0032
   0,1      1      0      0      0      0 0.0032
   0,1      0      0      0      0      0 0.0000
   0,1      0      0      1      0      0 0.0031
   0,1      0      0      0      0      0 0.0000
   0,1      0      0      1      0      0 0.0030
   0,1      0      0      0      0      0 0.0000
   0,1      0      0      1      0      0 0.0032
  -1,1      1      0      0      0      0 0.0031
   0,1      0      0      1      0      0 0.0030
   0,1      2      0      0      0      0 0.0062
   0,1      0      0      2      0      0 0.0062
   0,1      0      0      1      0      0 0.0033
   0,1      0      0      1      0      0 0.0030
  -1,1      1      0      0      0      0 0.0033
   0,1      0      0      1      0      0 0.0031
   0,1      0      0      1      0      0 0.0032
   0,1      0      0      1      0      0 0.0031
   0,1      0      0      0      0      0 0.0000
   0,1      0      0      1      0      0 0.0031
   0,1      1      0      1      0      0 0.0061
   0,1      0      0      1      0      0 0.0031
   0,1      0      0      1      0      0 0.0030
   0,1      0      0      1      0      0 0.0030
   0,1      0      0      1      0      0 0.0030
   0,1      0      0      1      0      0 0.0030
   0,1      0      0      1      0      0 0.0031
   0,1      2      0      0      0      0 0.0059
   0,1      0      0      1      0      0 0.0031
   0,1      0      0      1      0      0 0.0029
   0,1      0      0      1      0      0 0.0029
   0,1      0      0      0      0      0 0.0000
   0,1      0      0      1      0      0 0.0032
   0,1      0      0      1      0      0 0.0030
   0,1      0      0      1      0      0 0.0030
   0,1      0      0      1      0      0 0.0031
   0,1      0      0      0      0      0 0.0000
   0,1      0      0      1      0      0 0.0031
   0,1      0      0      1      0      0 0.0033
   0,1      1      0      0      0      0 0.0031
   0,1      1      0      1      0      0 0.0066
   0,1      0      0      0      0      0 0.0000
   0,1      0      0      0      0      0 0.0000
  -1,1      1      0      1      0      0 0.0062
   0,1      0      0      0      0      0 0.0000
   0,1      0      0      1      0      0 0.0031
   0,1      1      0      1      0      0 0.0059
   0,1      1      0      1      0      0 0.0062
   0,1      0      0      0      0      0 0.0000
   0,1      0      0      1      0      0 0.0030
   0,1      0      0      1      0      0 0.0031
   0,1      0      0      0      0      0 0.0000
   0,1      0      0      0      0      0 0.0000
   0,1      0      0      1      0      0 0.0029
   0,1      0      0      1      0      0 0.0030
   0,1      0      0      1      0      0 0.0030
   0,1      0      0      1      0      0 0.0029
   0,1      0      0      1      0      0 0.0032
   0,1      2      0      0      0      0 0.0061
   0,1      0      0      1      0      0 0.0031
   0,1      2      0      1      0      0 0.0092
   0,1      0      0      1      0      0 0.0030
   0,1      0      0      0      0      0 0.0000
   0,1      0      0      0      0      0 0.0000
   0,1      0      0      1      0      0 0.0030
   0,1      0      0      0      0      0 0.0000
   0,1      0      0      1      0      0 0.0032
   0,1      0      0      1      0      0 0.0032
   0,1      0      0      1      0      0 0.0031
   0,1      0      0      1      0      0 0.0031
   0,1      0      0      1      0      0 0.0032
   0,1      0      0      1      0      0 0.0033
   0,1      1      0      0      0      0 0.0031
   0,1      1      0      0      0      0 0.0033
   0,1      1      0      0      0      0 0.0032
   0,1      1      0      0      0      0 0.0032
   0,1      1      0      0      0      0 0.0033
   0,1      1      0      0      0      0 0.0035
   0,1      1      0      0      0      0 0.0033
   0,1      2      0      1      0      0 0.0098
   0,1      0      0      1      0      0 0.0034
   0,1      2      0      0      0      0 0.0070
   0,1      0      0      0      0      0 0.0000
   0,1      0      0      1      0      0 0.0034
   0,1      0      0      0      0      0 0.0000
   0,1      0      0      0      0      0 0.0000
   0,1      0      0      1      0      0 0.0031
   0,1      0      0      1      0      0 0.0032
   0,1      0      0      1      0      0 0.0034
   0,1      0      0      1      0      0 0.0032
   0,1      0      0      1      0      0 0.0030
   0,1      0      0      4      0      0 0.0115
   0,1      0      0      1      0      0 0.0033
   0,1      0      0      1      0      0 0.0030
   0,1      0      0      1      0      0 0.0030
   0,1      0      0      4      0      0 0.0121
   0,1      0      0      0      0      0 0.0000
   0,1      0      0      1      0      0 0.0033
   0,1      0      0      1      0      0 0.0032
   0,1      0      0      1      0      0 0.0033
   0,1      0      0      1      0      0 0.0032
   0,1      0      0      1      0      0 0.0033
   0,1      0      0      1      0      0 0.0032
  -1,1      1      0      1      0      0 0.0063
   0,1      0      0      1      0      0 0.0031
   0,1      0      0      1      0      0 0.0031
   0,1      0      0      0      0      0 0.0000
   0,1      0      0      1      0      0 0.0032
   0,1      0      0      0      0      0 0.0000
   0,1      0      0      1      0      0 0.0032
   0,1      0      0      1      0      0 0.0032
   0,1      2      0      0      0      0 0.0061
   0,1      2      0      0      0      0 0.0059
   0,1      2      0      1      0      0 0.0091
   0,1      0      0      1      0      0 0.0031
   0,1      0      0      0      0      0 0.0000
   0,1      0      0      0      0      0 0.0000
   0,1      0      0      0      0      0 0.0000
   0,1      0      0      0      0      0 0.0000
   0,1      0      0      0      0      0 0.0000
   0,1      0      0      1      0      0 0.0030
   0,1      2      0      1      0      0 0.0091
   0,1      0      0      4      0      0 0.0125
   0,1      0      0      0      0      0 0.0000
   0,1      0      0      1      0      0 0.0032
   0,1      0      0      1      0      0 0.0031
   0,1      0      0      1      0      0 0.0030
   0,1      1      0      0      0      0 0.0034
   0,1      0      0      1      0      0 0.0032
   0,1      3      0      0      0      0 0.0094
   0,1      0      0      1      0      0 0.0031
   0,1      0      0      1      0      0 0.0032
   0,1      0      0      0      0      0 0.0000
   0,1      0      0      1      0      0 0.0029
   0,1      0      0      0      0      0 0.0000
   0,1      0      0      1      0      0 0.0031
   0,1      0      0      0      0      0 0.0000
   0,1      0      0      1      0      0 0.0033
   0,1      1      0      1      0      0 0.0062
   0,1      0      0      1      0      0 0.0031
   0,1      1      0      0      0      0 0.0029
   0,1      0      0      1      0      0 0.0028
   0,1      0      0      0      0      0 0.0000
   0,1      0      0      1      0      0 0.0030
   0,1      0      0      1      0      0 0.0031
   0,1      0      0      1      0      0 0.0031
   0,1      0      0      1      0      0 0.0031
   0,1      0      0      1      0      0 0.0031
   0,1      0      0      1      0      0 0.0030
   0,1      0      0      1      0      0 0.0030
   0,1      0      0      1      0      0 0.0029
   0,1      0      0      1      0      0 0.0030
   0,1      0      0      1      0      0 0.0031
  -1,1      1      0      0      0      0 0.0032
  -1,1      1      0      0      0      0 0.0032
   0,1      0      0      1      0      0 0.0031
   0,1      0      0      1      0      0 0.0030
   0,1      0      0      1      0      0 0.0032
   0,1      0      0      1      0      0 0.0030
   0,1      0      0      1      0      0 0.0027
   0,1      1      0      1      0      0 0.0056
   0,1      0      0      1      0      0 0.0028
   0,1      2      0      0      0      0 0.0057
   0,1      1      0      1      0      0 0.0059
   0,1      0      0      1      0      0 0.0028
   0,1      0      0      0      0      0 0.0000
   0,1      0      0      1      0      0 0.0028
   0,1      0      0      1      0      0 0.0029
   0,1      0      0      0      0      0 0.0000
   0,1      0      0      0      0      0 0.0000
   0,1      0      0      1      0      0 0.0030
   0,1      0      0      1      0      0 0.0029
   0,1      0      0      1      0      0 0.0031
   0,1      0      0      6      0      0 0.0179
   0,1      0      0      1      0      0 0.0029
   0,1      0      0      1      0      0 0.0031
   0,1      0      0      1      0      0 0.0031
   0,1      0      0      1      0      0 0.0032
   0,1      1      0      0      0      0 0.0032
   0,1      2      0      1      0      0 0.0100
   0,1      0      0      1      0      0 0.0033
   0,1      0      0      1      0      0 0.0034
   0,1      0      0      5      0      0 0.0161
   0,1      0      0      1      0      0 0.0030
  -1,1      1      0      0      0      0 0.0030
   0,1      0      0      1      0      0 0.0031
   0,1      2      0      0      0      0 0.0059
   0,1      1      0      0      0      0 0.0033
   0,1      0      0      1      0      0 0.0029
   0,1      1      0      0      0      0 0.0033
   0,1      1      0      0      0      0 0.0031
   0,1      0      0      1      0      0 0.0032
   0,1      1      0      1      0      0 0.0064
   0,1      0      0      1      0      0 0.0030
   0,1      0      0      1      0      0 0.0031
   0,1      1      0      0      0      0 0.0030
   0,1      0      0      2      0      0 0.0063
   0,1      0      0      1      0      0 0.0030
   0,1      0      0      1      0      0 0.0030
   0,1      0      0      0      0      0 0.0000
   0,1      0      0      1      0      0 0.0030
   0,1      0      0      0      0      0 0.0000
   0,1      0      0      1      0      0 0.0030
   0,1      0      0      0      0      0 0.0000
   0,1      0      0      1      0      0 0.0029
   0,1      0      0      1      0      0 0.0029
   0,1      0      0      1      0      0 0.0030
   0,1      0      0      1      0      0 0.0029
   0,1      1      0      1      0      0 0.0058
   0,1      0      0      1      0      0 0.0029
  -1,1      1      0      0      0      0 0.0030
   0,1      0      0      0      0      0 0.0000
   0,1      0      0      1      0      0 0.0030
   0,1      0      0      1      0      0 0.0031
   0,1      0      0      1      0      0 0.0027
   0,1      0      0      0      0      0 0.0000
   0,1      0      0      0      0      0 0.0000
   0,1      0      0      1      0      0 0.0031
   0,1      2      0      1      0      0 0.0096
   0,1      2      0      0      0      0 0.0066
   0,1      0      0      1      0      0 0.0032
   0,1      0      0      1      0      0 0.0033
   0,1      1      0      0      0      0 0.0033
   0,1      0      0      1      0      0 0.0030
   0,1      0      0      1      0      0 0.0032
   0,1      0      0      1      0      0 0.0032
   0,1      0      0      1      0      0 0.0033
   0,1      0      0      1      0      0 0.0033
   0,1      0      0      1      0      0 0.0033
   0,1      0      0      1      0      0 0.0031
   0,1      0      0      0      0      0 0.0000
   0,1      0      0      1      0      0 0.0033
   0,1      0      0      1      0      0 0.0033
   0,1      1      0      0      0      0 0.0033
   0,1      0      0      0      0      0 0.0000
   0,1      0      0      1      0      0 0.0030
   0,1      0      0      1      0      0 0.0030
   0,1      0      0      1      0      0 0.0031
   0,1      1      0      0      0      0 0.0031
   0,1      0      0      0      0      0 0.0000
   0,1      0      0      1      0      0 0.0029
   0,1      0      0      1      0      0 0.0031
   0,1      0      0      1      0      0 0.0030
   0,1      0      0      0      0      0 0.0000
   0,1      0      0      2      0      0 0.0064
   0,1      0      0      1      0      0 0.0032
   0,1      0      0      0      0      0 0.0000
   0,1      0      0      0      0      0 0.0000
   0,1      0      0      0      0      0 0.0000
  -1,1      1      0      1      0      0 0.0067
   0,1      0      0      0      0      0 0.0000
   0,1      0      0      2      0      0 0.0065
   0,1      0      0      2      0      0 0.0068
   0,1      0      0      0      0      0 0.0000
   0,1      0      0      1      0      0 0.0034
   0,1      0      0      1      0      0 0.0032
   0,1      0      0      1      0      0 0.0033
   0,1      0      0      1      0      0 0.0034
   0,1      0      0      1      0      0 0.0032
   0,1      1      0      0      0      0 0.0033
   0,1      0      0      0      0      0 0.0000
   0,1      0      0      1      0      0 0.0034
   0,1      0      0      1      0      0 0.0033
   0,1      0      0      1      0      0 0.0034
   0,1      0      0      0      0      0 0.0000
   0,1      0      0      1      0      0 0.0034
   0,1      0      0      1      0      0 0.0032
   0,1      0      0      1      0      0 0.0032
   0,1      0      0      0      0      0 0.0000
   0,1      1      0      3      0      0 0.0129
   0,1      0      0      1      0      0 0.0031
   0,1      2      0      1      0      0 0.0089
   0,1      0      0      1      0      0 0.0031
   0,1      0      0      1      0      0 0.0029
   0,1      0      0      1      0      0 0.0030
   0,1      0      0      1      0      0 0.0030
   0,1      0      0      1      0      0 0.0030
   0,1      0      0      1      0      0 0.0031
   0,1      0      0      1      0      0 0.0030
   0,1      0      0      1      0      0 0.0032
   0,1      0      0      1      0      0 0.0031
   0,1      0      0      0      0      0 0.0000
   0,1      0      0      1      0      0 0.0032
   0,1      0      0      1      0      0 0.0029
   0,1      1      0      1      0      0 0.0059
   0,1      2      0      1      0      0 0.0088
   0,1      0      0      1      0      0 0.0031
   0,1      0      0      1      0      0 0.0030
   0,1      0      0      1      0      0 0.0030
   0,1      0      0      1      0      0 0.0029
   0,1      0      0      1      0      0 0.0029
   0,1      0      0      1      0      0 0.0029
   0,1      0      0      1      0      0 0.0032
   0,1      0      0      0      0      0 0.0000
   0,1      0      0      1      0      0 0.0033
   0,1      1      0      0      0      0 0.0033
   0,1      0      0      1      0      0 0.0036
   0,1      1      0      0      0      0 0.0034
   0,1      1      0      0      0      0 0.0034
   0,1      5      0      0      0      0 0.0179
   0,1      1      0      0      0      0 0.0033
   0,1      0      0      0      0      0 0.0000
   0,1      1      0      0      0      0 0.0033
   0,1      1      0      0      0      0 0.0034
   0,1      0      0      1      0      0 0.0033
   0,1      0      0      0      0      0 0.0000
   0,1      0      0      1      0      0 0.0032
   0,1      1      0      0      0      0 0.0032
   0,1      0      0      1      0      0 0.0030
   0,1      2      0      0      0      0 0.0061
   0,1      2      0      0      0      0 0.0060
   0,1      1      0      0      0      0 0.0032
   0,1      2      0      0      0      0 0.0068
   0,1      1      0      0      0      0 0.0033
   0,1      1      0      1      0      0 0.0064
   0,1      0      0      1      0      0 0.0034
   0,1      0      0      1      0      0 0.0032
   0,1      2      0      1      0      0 0.0099
   0,1      0      0      0      0      0 0.0000
   0,1      0      0      0      0      0 0.0000
   0,1      0      0      1      0      0 0.0030
   0,1      0      0      1      0      0 0.0031
   0,1      0      0      1      0      0 0.0031
   0,1      0      0      1      0      0 0.0030
   0,1      0      0      1      0      0 0.0030
  -1,1      1      0      0      0      0 0.0030
   0,1      0      0      1      0      0 0.0032
   0,1      0      0      0      0      0 0.0000
   0,1      0      0      1      0      0 0.0033
   0,1      0      0      0      0      0 0.0000
   0,1      0      0      0      0      0 0.0000
   0,1      0      0      0      0      0 0.0000
   0,1      0      0      1      0      0 0.0031
   0,1      0      0      1      0      0 0.0029
   0,1      1      0      1      0      0 0.0063
   0,1      0      0      0      0      0 0.0000
   0,1      0      0      0      0      0 0.0000
   0,1      0      0      1      0      0 0.0031
   0,1      0      0      3      0      0 0.0093
   0,1      0      0      1      0      0 0.0030
   0,1      0      0      1      0      0 0.0034
   0,1      0      0      0      0      0 0.0000
   0,1      1      0      3      0      0 0.0126
   0,1      0      0      0      0      0 0.0000
   0,1      0      0      1      0      0 0.0032
   0,1      0      0      1      0      0 0.0032
   0,1      0      0      1      0      0 0.0031
   0,1      1      0      0      0      0 0.0031
   0,1      2      0      0      0      0 0.0062
   0,1      2      0      0      0      0 0.0063
   0,1      1      0      0      0      0 0.0033
   0,1      2      0      0      0      0 0.0066
   0,1      2      0      0      0      0 0.0068
   0,1      0      0      0      0      0 0.0000
   0,1      0      0      0      0      0 0.0000
   0,1      2      0      0      0      0 0.0066
   0,1      2      0      0      0      0 0.0063
   0,1      0      0      0      0      0 0.0000
   0,1      0      0      1      0      0 0.0030
   0,1      0      0      1      0      0 0.0031
   0,1      0      0      1      0      0 0.0031
   0,1      0      0      1      0      0 0.0032
   0,1      0      0      1      0      0 0.0032
   0,1      0      0      0      0      0 0.0000
   0,1      1      0      0      0      0 0.0034
   0,1      0      0      1      0      0 0.0033
   0,1      0      0      1      0      0 0.0032
   0,1      0      0      1      0      0 0.0033
   0,1      1      0      1      0      0 0.0066
   0,1      0      0      0      0      0 0.0000
   0,1      2      0      0      0      0 0.0066
   0,1      1      0      0      0      0 0.0030
   0,1      0      0      1      0      0 0.0031
   0,1      0      0      1      0      0 0.0032
   0,1      1      0      0      0      0 0.0032
   0,1      0      0      0      0      0 0.0000
   0,1      0      0      1      0      0 0.0031
   0,1      0      0      0      0      0 0.0000
   0,1      0      0      1      0      0 0.0032
   0,1      0      0      1      0      0 0.0031
   0,1      0      0      1      0      0 0.0031
   0,1      0      0      0      0      0 0.0000
   0,1      0      0      1      0      0 0.0030
   0,1      0      0      1      0      0 0.0030
  -1,1      1      0      1      0      0 0.0061
   0,1      0      0      1      0      0 0.0031
   0,1      0      0      1      0      0 0.0031
   0,1      1      0      1      0      0 0.0065
   0,1      0      0      0      0      0 0.0000
   0,1      0      0      0      0      0 0.0000
   0,1      0      0      0      0      0 0.0000
  -1,1      1      0      0      0      0 0.0033
   0,1      0      0      1      0      0 0.0033
   0,1      0      0      0      0      0 0.0000
   0,1      0      0      1      0      0 0.0033
   0,1      0      0      0      0      0 0.0000
   0,1      0      0      1      0      0 0.0032
   0,1      0      0      1      0      0 0.0032
   0,1      0      0      1      0      0 0.0032
   0,1      0      0      1      0      0 0.0032
   0,1      0      0      1      0      0 0.0030
   0,1      0      0      1      0      0 0.0029
   0,1      0      0      1      0      0 0.0031
   0,1      0      0      1      0      0 0.0032
   0,1      0      0      1      0      0 0.0030
   0,1      0      0      1      0      0 0.0028
   0,1      0      0      1      0      0 0.0030
   0,1      0      0      2      0      0 0.0062
   0,1      0      0      1      0      0 0.0031
   0,1      0      0      1      0      0 0.0029
   0,1      0      0      0      0      0 0.0000
   0,1      0      0      1      0      0 0.0030
   0,1      0      0      0      0      0 0.0000
   0,1      0      0      0      0      0 0.0000
   0,1      0      0      1      0      0 0.0030
   0,1      0      0      1      0      0 0.0029
   0,1      0      0      1      0      0 0.0032
   0,1      0      0      1      0      0 0.0031
   0,1      0      0      1      0      0 0.0033
   0,1      0      0      3      0      0 0.0090
   0,1      0      0      1      0      0 0.0030
   0,1      0      0      1      0      0 0.0030
   0,1      0      0      1      0      0 0.0031
   0,1      1      0      0      0      0 0.0032
   0,1      0      0      0      0      0 0.0000
   0,1      0      0      0      0      0 0.0000
  -1,1      1      0      1      0      0 0.0063
  -1,1      1      0      1      0      0 0.0057
   0,1      2      0      0      0      0 0.0059
   0,1      0      0      1      0      0 0.0029
   0,1      0      0      1      0      0 0.0029
   0,1      0      0      1      0      0 0.0031
   0,1      0      0      1      0      0 0.0032
   0,1      0      0      1      0      0 0.0031
   0,1      0      0      1      0      0 0.0033
   0,1      1      0      0      0      0 0.0032
   0,1      0      0      1      0      0 0.0032
   0,1      0      0      1      0      0 0.0031
   0,1      0      0      1      0      0 0.0029
   0,1      0      0      1      0      0 0.0028
   0,1      0      0      1      0      0 0.0032
   0,1      0      0      0      0      0 0.0000
   0,1      0      0      1      0      0 0.0029
   0,1      0      0      1      0      0 0.0032
   0,1      1      0      1      0      0 0.0066
   0,1      0      0      0      0      0 0.0000
   0,1      0      0      1      0      0 0.0034
   0,1      0      0      1      0      0 0.0033
   0,1      0      0      1      0      0 0.0033
   0,1      0      0      1      0      0 0.0033
   0,1      0      0      1      0      0 0.0035
   0,1      1      0      1      0      0 0.0072
   0,1      0      0      1      0      0 0.0033
   0,1      0      0      1      0      0 0.0034
   0,1      0      0      0      0      0 0.0000
   0,1      2      0      0      0      0 0.0067
   0,1      1      0      0      0      0 0.0035
   0,1      1      0      0      0      0 0.0034
   0,1      1      0      0      0      0 0.0033
   0,1      1      0      1      0      0 0.0068
   0,1      1      0      0      0      0 0.0032
   0,1      0      0      1      0      0 0.0034
   0,1      0      0      0      0      0 0.0000
   0,1      0      0      0      0      0 0.0000
   0,1      0      0      0      0      0 0.0000
   0,1      0      0      1      0      0 0.0030
   0,1      0      0      1      0      0 0.0031
   0,1      0      0      1      0      0 0.0031
   0,1      0      0      1      0      0 0.0031
   0,1      0      0      0      0      0 0.0000
   0,1      0      0      0      0      0 0.0000
   0,1      0      0      1      0      0 0.0033
  -1,1      1      0      1      0      0 0.0070
   0,1      0      0      0      0      0 0.0000
   0,1      0      0      1      0      0 0.0035
   0,1      1      0      1      0      0 0.0067
   0,1      0      0      1      0      0 0.0032
   0,1      0      0      1      0      0 0.0031
   0,1      0      0      1      0      0 0.0030
   0,1      0      0      1      0      0 0.0032
   0,1      0      0      1      0      0 0.0031
   0,1      0      0      1      0      0 0.0030
   0,1      0      0      1      0      0 0.0030
   0,1      0      0      1      0      0 0.0029
   0,1      0      0      1      0      0 0.0030
   0,1      0      0      1      0      0 0.0031
   0,1      0      0      1      0      0 0.0028
   0,1      0      0      1      0      0 0.0029
   0,1      0      0      1      0      0 0.0031
   0,1      0      0      1      0      0 0.0031
   0,1      0      0      1      0      0 0.0032
   0,1      0      0      1      0      0 0.0032
   0,1      0      0      1      0      0 0.0032
   0,1      1      0      0      0      0 0.0033
   0,1      0      0      1      0      0 0.0031
   0,1      0      0      2      0      0 0.0065
   0,1      0      0      1      0      0 0.0031
   0,1      0      0      1      0      0 0.0032
   0,1      0      0      1      0      0 0.0031
   0,1      1      0      0      0      0 0.0029
   0,1      0      0      1      0      0 0.0029
  -1,1      1      0      1      0      0 0.0059
   0,1      0      0      0      0      0 0.0000
   0,1      0      0      1      0      0 0.0033
   0,1      0      0      0      0      0 0.0000
   0,1      0      0      2      0      0 0.0063
   0,1      1      0      0      0      0 0.0032
   0,1      1      0      0      0      0 0.0034
   0,1      0      0      1      0      0 0.0033
   0,1      0      0      1      0      0 0.0033
   0,1      0      0      1      0      0 0.0032
   0,1      0      0      1      0      0 0.0032
   0,1      1      0      0      0      0 0.0033
   0,1      0      0      0      0      0 0.0000
   0,1      0      0      0      0      0 0.0000
   0,1      0      0      0      0      0 0.0000
   0,1      1      0      0      0      0 0.0033
   0,1      1      0      1      0      0 0.0065
   0,1      0      0      0      0      0 0.0000
  -1,1      1      0      1      0      0 0.0062
   0,1      0      0      1      0      0 0.0030
   0,1      0      0      2      0      0 0.0063
   0,1      0      0      0      0      0 0.0000
   0,1      0      0      1      0      0 0.0031
   0,1      0      0      1      0      0 0.0032
   0,1      0      0      1      0      0 0.0030
   0,1      0      0      1      0      0 0.0031
   0,1      1      0      0      0      0 0.0031
   0,1      0      0      1      0      0 0.0029
   0,1      0      0      1      0      0 0.0029
   0,1      0      0      1      0      0 0.0031
   0,1      0      0      1      0      0 0.0030
  -1,1      1      0      1      0      0 0.0057
   0,1      0      0      0      0      0 0.0000
   0,1      1      0      4      0      0 0.0149
   0,1      0      0      0      0      0 0.0000
   0,1      0      0      0      0      0 0.0000
   0,1      1      0      0      0      0 0.0032
   0,1      1      0      1      0      0 0.0063
   0,1      0      0      0      0      0 0.0000
   0,1      0      0      1      0      0 0.0032
   0,1      0      0      1      0      0 0.0032
   0,1      0      0      0      0      0 0.0000
   0,1      0      0      1      0      0 0.0031
   0,1      0      0      1      0      0 0.0030
   0,1      1      0      0      0      0 0.0031
   0,1      0      0      0      0      0 0.0000
   0,1      0      0      0      0      0 0.0000
  -1,1      3      0      0      0      0 0.0104
   0,1      0      0      0      0      0 0.0000
   0,1      0      0      1      0      0 0.0031
   0,1      0      0      1      0      0 0.0033
   0,1      0      0      0      0      0 0.0000
   0,1      1      0      0      0      0 0.0031
   0,1      2      0      1      0      0 0.0093
   0,1      0      0      0      0      0 0.0000
   0,1      0      0      1      0      0 0.0032
   0,1      0      0      1      0      0 0.0031
   0,1      0      0      1      0      0 0.0030
  -1,1      1      0      0      0      0 0.0029
   0,1      0      0      1      0      0 0.0030
   0,1      0      0      1      0      0 0.0031
   0,1      0      0      1      0      0 0.0031
   0,1      0      0      1      0      0 0.0030
   0,1      0      0      1      0      0 0.0031
   0,1      0      0      1      0      0 0.0031
   0,1      0      0      1      0      0 0.0031
   0,1      0      0      0      0      0 0.0000
   0,1      0      0      1      0      0 0.0031
   0,1      0      0      1      0      0 0.0030
   0,1      0      0      1      0      0 0.0031
   0,1      0      0      1      0      0 0.0030
   0,1      0      0      1      0      0 0.0030
   0,1      0      0      1      0      0 0.0031
   0,1      0      0      1      0      0 0.0032
   0,1      0      0      0      0      0 0.0000
   0,1      0      0      1      0      0 0.0031
   0,1      0      0      1      0      0 0.0032
   0,1      1      0      0      0      0 0.0032
   0,1      0      0      1      0      0 0.0032
   0,1      2      0      1      0      0 0.0098
   0,1      0      0      1      0      0 0.0033
   0,1      0      0      1      0      0 0.0031
   0,1      0      0      1      0      0 0.0032
   0,1      0      0      0      0      0 0.0000
   0,1      0      0      1      0      0 0.0032
   0,1      0      0      1      0      0 0.0029
   0,1      0      0      1      0      0 0.0031
   0,1      0      0      1      0      0 0.0032
   0,1      0      0      0      0      0 0.0000
   0,1      1      0      0      0      0 0.0033
   0,1      0      0      0      0      0 0.0000
   0,1      1      0      0      0      0 0.0033
   0,1      2      0      0      0      0 0.0063
   0,1      0      0      1      0      0 0.0031
   0,1      2      0      1      0      0 0.0095
   0,1      1      0      0      0      0 0.0032
   0,1      2      0      0      0      0 0.0065
   0,1      0      0      1      0      0 0.0032
   0,1      2      0      0      0      0 0.0064
   0,1      0      0      1      0      0 0.0033
   0,1      2      0      0      0      0 0.0065
   0,1      2      0      0      0      0 0.0067
   0,1      1      0      0      0      0 0.0035
   0,1      1      0      0      0      0 0.0036
   0,1      1      0      1      0      0 0.0071
   0,1      1      0      0      0      0 0.0035
   0,1      1      0      0      0      0 0.0037
   0,1      1      0      0      0      0 0.0036
   0,1      1      0      0      0      0 0.0036
   0,1      1      0      0      0      0 0.0036
   0,1      1      0      0      0      0 0.0033
   0,1      2      0      0      0      0 0.0066
   0,1      2      0      1      0      0 0.0106
   0,1      1      0      0      0      0 0.0034
   0,1      0      0      0      0      0 0.0000
   0,1      1      0      0      0      0 0.0034
   0,1      1      0      0      0      0 0.0034
   0,1      2      0      0      0      0 0.0066
   0,1      2      0      0      0      0 0.0068
   0,1      0      0      0      0      0 0.0000
  -1,1      1      0      1      0      0 0.0067
   0,1      2      0      0      0      0 0.0063
   0,1      0      0      1      0      0 0.0036
   0,1      0      0      1      0      0 0.0032
   0,1      0      0      1      0      0 0.0033
   0,1      2      0      1      0      0 0.0096
  -1,1      2      0      1      0      0 0.0098
   0,1      0      0      1      0      0 0.0033
   0,1      0      0      1      0      0 0.0032
   0,1      0      0      2      0      0 0.0066
   0,1      0      0      2      0      0 0.0065
   0,1      0      0      1      0      0 0.0034
   0,1      0      0      1      0      0 0.0033
   0,1      0      0      1      0      0 0.0033
   0,1      0      0      1      0      0 0.0032
   0,1      0      0      1      0      0 0.0031
  -1,1      1      0      1      0      0 0.0060
   0,1      0      0      1      0      0 0.0033
   0,1      0      0      1      0      0 0.0030
   0,1      0      0      1      0      0 0.0031
   0,1      0      0      1      0      0 0.0030
   0,1      0      0      1      0      0 0.0029
   0,1      0      0      1      0      0 0.0031
   0,1      1      0      1      0      0 0.0066
   0,1      0      0      1      0      0 0.0032
   0,1      1      0      0      0      0 0.0032
   0,1      1      0      0      0      0 0.0033
   0,1      1      0      0      0      0 0.0032
   0,1      0      0      1      0      0 0.0032
   0,1      0      0      1      0      0 0.0031
   0,1      0      0      1      0      0 0.0031
   0,1      0      0      1      0      0 0.0033
   0,1      0      0      1      0      0 0.0033
   0,1      1      0      0      0      0 0.0031
   0,1      2      0      0      0      0 0.0066
   0,1      2      0      0      0      0 0.0062
   0,1      1      0      0      0      0 0.0030
   0,1      1      0      1      0      0 0.0062
   0,1      2      0      0      0      0 0.0063
   0,1      0      0      1      0      0 0.0030
   0,1      0      0      0      0      0 0.0000
   0,1      0      0      0      0      0 0.0000
   0,1      1      0      0      0      0 0.0031
   0,1      0      0      1      0      0 0.0031
   0,1      1      0      0      0      0 0.0032
   0,1      0      0      0      0      0 0.0000
   0,1      1      0      1      0      0 0.0059
   0,1      0      0      0      0      0 0.0000
   0,1      0      0      1      0      0 0.0030
   0,1      0      0      1      0      0 0.0030
   0,1      1      0      1      0      0 0.0059
   0,1      0      0      0      0      0 0.0000
   0,1      0      0      1      0      0 0.0030
   0,1      1      0      0      0      0 0.0030
   0,1      0      0      1      0      0 0.0031
   0,1      2      0      0      0      0 0.0060
   0,1      0      0      1      0      0 0.0031
   0,1      0      0      1      0      0 0.0031
   0,1      0      0      8      0      0 0.0234
   0,1      0      0      0      0      0 0.0000
   0,1      0      0      1      0      0 0.0030
   0,1      0      0      1      0      0 0.0029
   0,1      0      0      1      0      0 0.0029
   0,1      0      0      1      0      0 0.0033
   0,1      0      0      1      0      0 0.0030
   0,1      1      0      1      0      0 0.0058
   0,1      0      0      1      0      0 0.0032
   0,1      1      0      0      0      0 0.0032
   0,1      0      0      1      0      0 0.0033
   0,1      0      0      0      0      0 0.0000
   0,1      0      0      1      0      0 0.0032
   0,1      0      0      0      0      0 0.0000
   0,1      2      0      0      0      0 0.0064
   0,1      0      0      0      0      0 0.0000
   0,1      1      0      1      0      0 0.0069
   0,1      2      0      0      0      0 0.0066
   0,1      2      0      0      0      0 0.0063
   0,1      0      0      1      0      0 0.0034
   0,1      1      0      0      0      0 0.0035
   0,1      2      0      0      0      0 0.0065
   0,1      2      0      0      0      0 0.0068
   0,1      2      0      0      0      0 0.0063
   0,1      0      0      0      0      0 0.0000
   0,1      2      0      0      0      0 0.0063
   0,1      0      0      0      0      0 0.0000
   0,1      1      0      1      0      0 0.0069
   0,1      1      0      0      0      0 0.0032
   0,1      1      0      0      0      0 0.0033
   0,1      0      0      1      0      0 0.0032
   0,1      1      0      0      0      0 0.0034
   0,1      2      0      0      0      0 0.0066
   0,1      1      0      1      0      0 0.0065
   0,1      2      0      0      0      0 0.0067
   0,1      1      0      1      0      0 0.0064
   0,1      4      0      0      0      0 0.0123
   0,1      0      0      0      0      0 0.0000
   0,1      2      0      1      0      0 0.0103
   0,1      2      0      0      0      0 0.0069
   0,1      2      0      0      0      0 0.0067
   0,1      1      0      0      0      0 0.0033
   0,1      1      0      0      0      0 0.0033
   0,1      0      0      1      0      0 0.0031
   0,1      0      0      1      0      0 0.0031
   0,1      0      0      1      0      0 0.0032
   0,1      0      0      1      0      0 0.0033
   0,1      1      0      0      0      0 0.0032
   0,1      0      0      1      0      0 0.0031
   0,1      2      0      0      0      0 0.0064
   0,1      0      0      0      0      0 0.0000
   0,1      1      0      0      0      0 0.0031
   0,1      0      0      1      0      0 0.0031
   0,1      0      0      0      0      0 0.0000
   0,1      0      0      1      0      0 0.0030
   0,1      0      0      1      0      0 0.0029
   0,1      0      0      1      0      0 0.0029
   0,1      0      0      1      0      0 0.0030
   0,1      0      0      1      0      0 0.0029
   0,1      0      0      1      0      0 0.0034
   0,1      1      0      0      0      0 0.0032
   0,1      1      0      0      0      0 0.0031
   0,1      0      0      0      0      0 0.0000
   0,1      0      0      0      0      0 0.0000
   0,1      0      0      1      0      0 0.0033
   0,1      2      0      0      0      0 0.0066
   0,1      1      0      1      0      0 0.0065
   0,1      0      0      1      0      0 0.0037
   0,1      2      0      0      0      0 0.0063
   0,1      0      0      1      0      0 0.0033
   0,1      1      0      0      0      0 0.0034
   0,1      2      0      0      0      0 0.0066
   0,1      0      0      1      0      0 0.0033
   0,1      2      0      0      0      0 0.0065
   0,1      2      0      0      0      0 0.0069
   0,1      2      0      0      0      0 0.0067
   0,1      1      0      0      0      0 0.0035
   0,1      0      0      1      0      0 0.0033
   0,1      2      0      0      0      0 0.0066
   0,1      1      0      0      0      0 0.0033
   0,1      1      0      0      0      0 0.0033
   0,1      1      0      0      0      0 0.0034
   0,1      1      0      0      0      0 0.0034
   0,1      0      0      1      0      0 0.0031
   0,1      0      0      0      0      0 0.0000
   0,1      1      0      1      0      0 0.0068
   0,1      1      0      0      0      0 0.0033
   0,1      0      0      0      0      0 0.0000
   0,1      1      0      1      0      0 0.0069
   0,1      1      0      0      0      0 0.0032
   0,1      2      0      0      0      0 0.0065
   0,1      0      0      1      0      0 0.0029
   0,1      0      0      1      0      0 0.0030
   0,1      0      0      1      0      0 0.0030
   0,1      0      0      1      0      0 0.0029
   0,1      0      0      1      0      0 0.0031
   0,1      0      0      0      0      0 0.0000
   0,1      1      0      0      0      0 0.0029
   0,1      0      0      1      0      0 0.0030
   0,1      0      0      0      0      0 0.0000
   0,1      0      0      1      0      0 0.0029
   0,1      0      0      1      0      0 0.0031
   0,1      0      0      1      0      0 0.0032
   0,1      0      0      1      0      0 0.0031
   0,1      0      0      1      0      0 0.0030
  -1,1      1      0      1      0      0 0.0062
   0,1      0      0      0      0      0 0.0000
   0,1      0      0      1      0      0 0.0030
   0,1      0      0      1      0      0 0.0031
   0,1      0      0      1      0      0 0.0031
   0,1      0      0      1      0      0 0.0032
   0,1      0      0      0      0      0 0.0000
   0,1      0      0      1      0      0 0.0031
   0,1      0      0      0      0      0 0.0000
   0,1      2      0      0      0      0 0.0060
   0,1      0      0      0      0      0 0.0000
   0,1      0      0      1      0      0 0.0030
   0,1      0      0      1      0      0 0.0031
   0,1      0      0      1      0      0 0.0029
   0,1      0      0      1      0      0 0.0029
   0,1      0      0      1      0      0 0.0032
   0,1      0      0      1      0      0 0.0031
   0,1      0      0      0      0      0 0.0000
   0,1      0      0      0      0      0 0.0000
   0,1      0      0      1      0      0 0.0033
   0,1      1      0      1      0      0 0.0062
   0,1      0      0      1      0      0 0.0030
   0,1      2      0      1      0      0 0.0093
   0,1      0      0      1      0      0 0.0031
   0,1      0      0      1      0      0 0.0029
   0,1      0      0      0      0      0 0.0000
   0,1      0      0      1      0      0 0.0031
   0,1      0      0      1      0      0 0.0028
   0,1      0      0      1      0      0 0.0029
   0,1      0      0      1      0      0 0.0031
   0,1      0      0      1      0      0 0.0030
   0,1      0      0      1      0      0 0.0030
   0,1      0      0      1      0      0 0.0030
   0,1      0      0      1      0      0 0.0031
   0,1      0      0      1      0      0 0.0031
   0,1      1      0      1      0      0 0.0059
   0,1      0      0      0      0      0 0.0000
   0,1      0      0      0      0      0 0.0000
   0,1      0      0      9      0      0 0.0282
   0,1      0      0      1      0      0 0.0032
   0,1      0      0      1      0      0 0.0029
   0,1      0      0      0      0      0 0.0000
   0,1      0      0      1      0      0 0.0031
   0,1      0      0      1      0      0 0.0031
   0,1      1      0      1      0      0 0.0062
   0,1      0      0      1      0      0 0.0032
   0,1      0      0      1      0      0 0.0031
  -1,1      1      0      0      0      0 0.0033
   0,1      0      0      1      0      0 0.0032
   0,1      0      0      0      0      0 0.0000
   0,1      0      0      0      0      0 0.0000
   0,1      0      0      1      0      0 0.0031
   0,1      0      0      0      0      0 0.0000
   0,1      0      0      1      0      0 0.0032
   0,1      0      0      1      0      0 0.0031
   0,1      0      0      1      0      0 0.0031
   0,1      0      0      1      0      0 0.0032
   0,1      0      0      1      0      0 0.0032
   0,1      0      0      0      0      0 0.0000
   0,1      0      0      1      0      0 0.0030
   0,1      0      0      1      0      0 0.0032
   0,1      0      0      1      0      0 0.0031
   0,1      2      0      1      0      0 0.0094
   0,1      0      0      3      0      0 0.0095
   0,1      0      0      1      0      0 0.0029
   0,1      0      0      1      0      0 0.0031
   0,1      0      0      1      0      0 0.0032
   0,1      0      0      0      0      0 0.0000
   0,1      0      0      0      0      0 0.0000
   0,1      0      0      1      0      0 0.0031
   0,1      1      0      0      0      0 0.0031
   0,1      0      0      0      0      0 0.0000
   0,1      1      0      0      0      0 0.0030
   0,1      0      0      0      0      0 0.0000
   0,1      0      0      1      0      0 0.0030
   0,1      0      0      0      0      0 0.0000
   0,1      0      0      1      0      0 0.0032
  -1,1      1      0      1      0      0 0.0068
   0,1      1      0      1      0      0 0.0066
   0,1      0      0      1      0      0 0.0034
   0,1      2      0      0      0      0 0.0067
   0,1      1      0      1      0      0 0.0067
   0,1      0      0      1      0      0 0.0033
   0,1      0      0      1      0      0 0.0032
   0,1      0      0      0      0      0 0.0000
   0,1      0      0      0      0      0 0.0000
   0,1      0      0      1      0      0 0.0031
  -1,1      1      0      1      0      0 0.0063
   0,1      0      0      1      0      0 0.0031
   0,1      0      0      1      0      0 0.0031
   0,1      0      0      1      0      0 0.0030
   0,1      0      0      1      0      0 0.0029
   0,1      0      0      1      0      0 0.0030
   0,1      2      0      0      0      0 0.0065
   0,1      0      0      1      0      0 0.0030
   0,1      0      0      1      0      0 0.0030
   0,1      0      0      1      0      0 0.0029
   0,1      0      0      1      0      0 0.0031
   0,1      0      0      1      0      0 0.0032
   0,1      0      0      1      0      0 0.0032
   0,1      0      0      1      0      0 0.0032
   0,1      3      0      1      0      0 0.0132
   0,1      2      0      1      0      0 0.0100
   0,1      1      0      0      0      0 0.0033
   0,1      0      0      1      0      0 0.0034
   0,1      0      0      1      0      0 0.0035
   0,1      2      0      0      0      0 0.0066
   0,1      0      0      1      0      0 0.0033
   0,1      0      0      1      0      0 0.0032
   0,1      0      0      1      0      0 0.0031
   0,1      0      0      1      0      0 0.0032
   0,1      0      0      1      0      0 0.0031
   0,1      0      0      1      0      0 0.0031
   0,1      0      0      0      0      0 0.0000
   0,1      0      0      1      0      0 0.0030
   0,1      0      0      0      0      0 0.0000
   0,1      0      0      1      0      0 0.0029
   0,1      0      0      1      0      0 0.0030
   0,1      1      0      1      0      0 0.0058
   0,1      0      0      1      0      0 0.0030
   0,1      0      0      1      0      0 0.0030
   0,1      0      0      1      0      0 0.0030
   0,1      0      0      1      0      0 0.0032
  -1,1      1      0      1      0      0 0.0065
   0,1      0      0      1      0      0 0.0032
   0,1      0      0      1      0      0 0.0032
   0,1      0      0      0      0      0 0.0000
   0,1      0      0      1      0      0 0.0032
   0,1      2      0      0      0      0 0.0065
   0,1      1      0      0      0      0 0.0033
   0,1      1      0      1      0      0 0.0065
   0,1      0      0      1      0      0 0.0030
   0,1      0      0      1      0      0 0.0030
   0,1      0      0      0      0      0 0.0000
   0,1      0      0      0      0      0 0.0000
   0,1      0      0      0      0      0 0.0000
   0,1      1      0      0      0      0 0.0033
   0,1      0      0      1      0      0 0.0032
  -1,1      1      0      2      0      0 0.0094
   0,1      0      0      0      0      0 0.0000
   0,1      0      0      1      0      0 0.0032
   0,1      0      0      1      0      0 0.0031
   0,1      0      0      0      0      0 0.0000
   0,1      0      0      1      0      0 0.0033
   0,1      0      0      1      0      0 0.0031
   0,1      0      0      0      0      0 0.0000
   0,1      0      0      1      0      0 0.0030
   0,1      0      0      1      0      0 0.0031
  -1,1      3      0      1      0      0 0.0128
   0,1      0      0      0      0      0 0.0000
   0,1      0      0      0      0      0 0.0000
   0,1      1      0      0      0      0 0.0032
   0,1      0      0      1      0      0 0.0032
   0,1      0      0      1      0      0 0.0031
   0,1      0      0      2      0      0 0.0060
   0,1      0      0      1      0      0 0.0031
   0,1      0      0      0      0      0 0.0000
   0,1      0      0      1      0      0 0.0032
   0,1      0      0      0      0      0 0.0000
   0,1      0      0      0      0      0 0.0000
   0,1      2      0      1      0      0 0.0090
   0,1      1      0      1      0      0 0.0066
  -1,1      1      0      1      0      0 0.0062
   0,1      0      0      1      0      0 0.0030
   0,1      0      0      0      0      0 0.0000
   0,1      0      0      1      0      0 0.0031
   0,1      0      0      1      0      0 0.0032
   0,1      0      0      1      0      0 0.0032
   0,1      0      0      0      0      0 0.0000
   0,1      0      0      1      0      0 0.0035
   0,1      0      0      1      0      0 0.0034
   0,1      0      0      0      0      0 0.0000
   0,1      0      0      1      0      0 0.0034
   0,1      0      0      3      0      0 0.0097
   0,1      0      0      5      0      0 0.0163
   0,1      0      0      1      0      0 0.0033
   0,1      0      0      0      0      0 0.0000
   0,1      0      0      0      0      0 0.0000
   0,1      1      0      0      0      0 0.0032
   0,1      3      0      0      0      0 0.0099
   0,1      1      0      0      0      0 0.0032
   0,1      2      0      0      0      0 0.0067
   0,1      3      0      0      0      0 0.0099
   0,1      1      0      0      0      0 0.0036
   0,1      1      0      0      0      0 0.0034
   0,1      2      0      0      0      0 0.0065
   0,1      1      0      1      0      0 0.0064
   0,1      1      0      0      0      0 0.0034
   0,1      0      0      0      0      0 0.0000
   0,1      2      0      0      0      0 0.0066
   0,1      0      0      1      0      0 0.0032
   0,1      1      0      0      0      0 0.0034
   0,1      0      0      0      0      0 0.0000
   0,1      2      0      0      0      0 0.0063
   0,1      0      0      0      0      0 0.0000
   0,1      0      0      1      0      0 0.0032
   0,1      0      0      0      0      0 0.0000
   0,1      0      0      0      0      0 0.0000
   0,1      0      0      1      0      0 0.0032
   0,1      0      0      1      0      0 0.0031
   0,1      0      0      1      0      0 0.0032
   0,1      0      0      1      0      0 0.0029
   0,1      0      0      1      0      0 0.0029
   0,1      0      0      1      0      0 0.0028
   0,1      0      0      1      0      0 0.0028
   0,1      0      0      2      0      0 0.0062
   0,1      0      0      1      0      0 0.0031
   0,1      0      0      1      0      0 0.0029
   0,1      0      0      0      0      0 0.0000
   0,1      0      0      1      0      0 0.0029
   0,1      1      0      1      0      0 0.0061
   0,1      1      0      1      0      0 0.0060
   0,1      1      0      1      0      0 0.0061
   0,1      0      0      1      0      0 0.0030
   0,1      2      0      1      0      0 0.0094
   0,1      0      0      0      0      0 0.0000
   0,1      0      0      1      0      0 0.0031
   0,1      1      0      0      0      0 0.0031
   0,1      1      0      0      0      0 0.0032
   0,1      0      0      1      0      0 0.0032
   0,1      0      0      1      0      0 0.0032
   0,1      0      0      1      0      0 0.0029
   0,1      0      0      0      0      0 0.0000
   0,1      0      0      0      0      0 0.0000
   0,1      0      0      1      0      0 0.0029
   0,1      0      0      0      0      0 0.0000
   0,1      0      0      1      0      0 0.0028
   0,1      0      0      1      0      0 0.0031
   0,1      0      0      0      0      0 0.0000
   0,1      2      0      0      0      0 0.0061
   0,1      0      0      1      0      0 0.0031
   0,1      0      0      0      0      0 0.0000
   0,1      0      0      0      0      0 0.0000
   0,1      0      0      1      0      0 0.0030
   0,1      0      0      1      0      0 0.0030
  -1,1      1      0      0      0      0 0.0032
   0,1      0      0      1      0      0 0.0028
   0,1      0      0      1      0      0 0.0029
   0,1      0      0      1      0      0 0.0030
   0,1      2      0      1      0      0 0.0088
   0,1      0      0      1      0      0 0.0030
   0,1      0      0      1      0      0 0.0030
   0,1      0      0      1      0      0 0.0029
   0,1      0      0      0      0      0 0.0000
   0,1      1      0      1      0      0 0.0055
   0,1      0      0      1      0      0 0.0030
   0,1      0      0      1      0      0 0.0029
   0,1      1      0      1      0      0 0.0059
   0,1      0      0      1      0      0 0.0030
   0,1      0      0      1      0      0 0.0030
   0,1      0      0      1      0      0 0.0030
   0,1      0      0      0      0      0 0.0000
   0,1      0      0      0      0      0 0.0000
   0,1      0      0      1      0      0 0.0030
   0,1      2      0      0      0      0 0.0059
   0,1      0      0      1      0      0 0.0031
   0,1      0      0      1      0      0 0.0029
   0,1      0      0      0      0      0 0.0000
   0,1      0      0      1      0      0 0.0029
   0,1      0      0      0      0      0 0.0000
   0,1      0      0      0      0      0 0.0000
   0,1      2      0      0      0      0 0.0057
   0,1      0      0      1      0      0 0.0029
   0,1      0      0      1      0      0 0.0029
   0,1      0      0      0      0      0 0.0000
   0,1      0      0      1      0      0 0.0030
   0,1      0      0      1      0      0 0.0031
   0,1      0      0      1      0      0 0.0031
   0,1      0      0      1      0      0 0.0031
  -1,1      1      0      0      0      0 0.0033
  -1,1      1      0      1      0      0 0.0061
   0,1      0      0      1      0      0 0.0029
   0,1      0      0      1      0      0 0.0029
   0,1      0      0      1      0      0 0.0030
   0,1      1      0      0      0      0 0.0030
   0,1      0      0      1      0      0 0.0030
   0,1      0      0      1      0      0 0.0031
   0,1      0      0      1      0      0 0.0032
   0,1      0      0      1      0      0 0.0030
   0,1      0      0      1      0      0 0.0030
   0,1      0      0      1      0      0 0.0030
   0,1      0      0      1      0      0 0.0032
   0,1      0      0      0      0      0 0.0000
   0,1      1      0      0      0      0 0.0032
   0,1      2      0      1      0      0 0.0097
   0,1      0      0      0      0      0 0.0000
   0,1      0      0      0      0      0 0.0000
   0,1      0      0      1      0      0 0.0028
   0,1      0      0      1      0      0 0.0031
   0,1      2      0      0      0      0 0.0061
   0,1      2      0      1      0      0 0.0093
   0,1      0      0      1      0      0 0.0033
   0,1      0      0      0      0      0 0.0000
   0,1      0      0      1      0      0 0.0030
  -1,1      1      0      1      0      0 0.0060
   0,1      1      0      1      0      0 0.0063
   0,1      1      0      1      0      0 0.0063
   0,1      0      0      1      0      0 0.0031
   0,1      0      0      1      0      0 0.0030
   0,1      2      0      0      0      0 0.0061
   0,1      0      0      0      0      0 0.0000
   0,1      0      0      1      0      0 0.0030
   0,1      0      0      1      0      0 0.0034
   0,1      0      0      6      0      0 0.0211
   0,1      0      0      2      0      0 0.0066
   0,1      0      0      0      0      0 0.0000
   0,1      1      0      1      0      0 0.0066
   0,1      0      0      1      0      0 0.0031
   0,1      0      0      5      0      0 0.0161
   0,1      0      0      2      0      0 0.0066
   0,1      0      0      1      0      0 0.0034
   0,1      0      0      4      0      0 0.0131
   0,1      0      0      1      0      0 0.0033
   0,1      1      0      1      0      0 0.0062
   0,1      0      0      5      0      0 0.0159
   0,1      0      0      1      0      0 0.0033
   0,1      0      0      1      0      0 0.0031
   0,1      0      0      1      0      0 0.0031
  -1,1      1      0      1      0      0 0.0063
   0,1      0      0      6      0      0 0.0187
   0,1      1      0      0      0      0 0.0030
   0,1      2      0      1      0      0 0.0092
   0,1      0      0      1      0      0 0.0033
   0,1      0      0      1      0      0 0.0030
   0,1      0      0      1      0      0 0.0030
   0,1      0      0      0      0      0 0.0000
   0,1      1      0      0      0      0 0.0031
   0,1      2      0      0      0      0 0.0062
  -1,1      1      0      0      0      0 0.0031
   0,1      0      0      1      0      0 0.0032
   0,1      0      0      1      0      0 0.0031
   0,1      0      0      0      0      0 0.0000
   0,1      1      0      1      0      0 0.0065
   0,1      0      0      1      0      0 0.0029
   0,1      0      0      1      0      0 0.0029
   0,1      0      0      0      0      0 0.0000
   0,1      0      0      0      0      0 0.0000
   0,1      0      0      0      0      0 0.0000
   0,1      0      0      1      0      0 0.0030
   0,1      0      0      0      0      0 0.0000
   0,1      1      0      1      0      0 0.0063
   0,1      0      0      0      0      0 0.0000
   0,1      0      0      1      0      0 0.0030
   0,1      0      0      1      0      0 0.0030
   0,1      0      0      0      0      0 0.0000
   0,1      0      0      1      0      0 0.0030
   0,1      0      0      1      0      0 0.0029
   0,1      1      0      1      0      0 0.0062
   0,1      0      0      1      0      0 0.0031
   0,1      0      0      1      0      0 0.0032
   0,1      0      0      0      0      0 0.0000
   0,1      0      0      1      0      0 0.0030
   0,1      1      0      0      0      0 0.0033
   0,1      0      0      1      0      0 0.0031
   0,1      0      0      0      0      0 0.0000
   0,1      0      0      0      0      0 0.0000
   0,1      0      0      1      0      0 0.0031
   0,1      0      0      0      0      0 0.0000
   0,1      0      0      0      0      0 0.0000
   0,1      0      0      1      0      0 0.0030
   0,1      0      0      1      0      0 0.0030
   0,1      0      0      1      0      0 0.0029
   0,1      0      0      1      0      0 0.0029
   0,1      0      0      0      0      0 0.0000
   0,1      0      0      1      0      0 0.0030
   0,1      0      0      1      0      0 0.0029
   0,1      0      0      1      0      0 0.0030
   0,1      0      0      1      0      0 0.0029
   0,1      0      0      1      0      0 0.0028
   0,1      0      0      1      0      0 0.0029
   0,1      0      0      1      0      0 0.0028
   0,1      0      0      1      0      0 0.0031
  -1,1      1      0      1      0      0 0.0058
   0,1      0      0      0      0      0 0.0000
  -1,1      1      0      1      0      0 0.0069
  -1,1      1      0      1      0      0 0.0063
   0,1      0      0      1      0      0 0.0031
   0,1      0      0      1      0      0 0.0030
   0,1      0      0      1      0      0 0.0031
   0,1      0      0      0      0      0 0.0000
   0,1      0      0      1      0      0 0.0033
   0,1      0      0      2      0      0 0.0065
   0,1      1      0      0      0      0 0.0032
   0,1      0      0      1      0      0 0.0030
   0,1      0      0      0      0      0 0.0000
   0,1      0      0      1      0      0 0.0032
   0,1      0      0      1      0      0 0.0030
   0,1      0      0      1      0      0 0.0029
   0,1      0      0      0      0      0 0.0000
   0,1      0      0      1      0      0 0.0029
   0,1      0      0      1      0      0 0.0029
   0,1      0      0      2      0      0 0.0062
   0,1      0      0      1      0      0 0.0031
   0,1      0      0      1      0      0 0.0029
   0,1      0      0      1      0      0 0.0028
   0,1      0      0      1      0      0 0.0029
   0,1      1      0      1      0      0 0.0056
   0,1      0      0      1      0      0 0.0030
   0,1      0      0      1      0      0 0.0029
   0,1      0      0      1      0      0 0.0031
   0,1      0      0      1      0      0 0.0028
   0,1      0      0      1      0      0 0.0029
   0,1      0      0      1      0      0 0.0029
   0,1      1      0      0      0      0 0.0030
   0,1      0      0      1      0      0 0.0030
   0,1      0      0      1      0      0 0.0030
   0,1      0      0      0      0      0 0.0000
   0,1      0      0      1      0      0 0.0030
   0,1      0      0      1      0      0 0.0031
   0,1      1      0      1      0      0 0.0061
   0,1      0      0      0      0      0 0.0000
   0,1      0      0      1      0      0 0.0032
   0,1      0      0      1      0      0 0.0032
   0,1      0      0      1      0      0 0.0033
   0,1      0      0      1      0      0 0.0032
   0,1      5      0      1      0      0 0.0193
   0,1      0      0      1      0      0 0.0033
   0,1      0      0      0      0      0 0.0000
   0,1      0      0      1      0      0 0.0031
   0,1      0      0      1      0      0 0.0032
   0,1      0      0      1      0      0 0.0029
   0,1      0      0      1      0      0 0.0031
   0,1      0      0      1      0      0 0.0030
  -1,1      1      0      1      0      0 0.0063
   0,1      0      0      1      0      0 0.0032
   0,1      0      0      1      0      0 0.0033
   0,1      0      0      1      0      0 0.0033
   0,1      0      0      1      0      0 0.0033
   0,1      0      0      0      0      0 0.0000
   0,1      0      0      1      0      0 0.0031
   0,1      0      0      1      0      0 0.0031
   0,1      2      0      1      0      0 0.0097
   0,1      0      0      1      0      0 0.0032
   0,1      0      0      1      0      0 0.0032
   0,1      0      0      1      0      0 0.0031
   0,1      2      0      0      0      0 0.0061
   0,1      0      0      1      0      0 0.0030
   0,1      2      0      0      0      0 0.0063
   0,1      0      0      1      0      0 0.0030
   0,1      0      0      1      0      0 0.0033
   0,1      0      0      0      0      0 0.0000
   0,1      0      0      1      0      0 0.0032
   0,1      0      0      1      0      0 0.0033
   0,1      0      0      1      0      0 0.0031
   0,1      0      0      0      0      0 0.0000
   0,1      0      0      0      0      0 0.0000
   0,1      1      0      1      0      0 0.0064
   0,1      0      0      0      0      0 0.0000
   0,1      0      0      1      0      0 0.0032
   0,1      0      0      0      0      0 0.0000
   0,1      0      0      1      0      0 0.0031
   0,1      0      0      1      0      0 0.0030
   0,1      0      0      1      0      0 0.0031
   0,1      0      0      1      0      0 0.0033
   0,1      2      0      0      0      0 0.0066
   0,1      1      0      0      0      0 0.0034
   0,1      0      0      1      0      0 0.0033
   0,1      0      0      1      0      0 0.0032
   0,1      0      0      0      0      0 0.0000
   0,1      0      0      0      0      0 0.0000
   0,1      2      0      1      0      0 0.0091
   0,1      0      0      1      0      0 0.0031
   0,1      0      0      1      0      0 0.0030
   0,1      0      0      0      0      0 0.0000
  -1,1      1      0      1      0      0 0.0066
   0,1      0      0      1      0      0 0.0029
   0,1      0      0      1      0      0 0.0029
   0,1      0      0      1      0      0 0.0029
   0,1      0      0      1      0      0 0.0029
   0,1      1      0      0      0      0 0.0030
   0,1      0      0      1      0      0 0.0029
   0,1      0      0      1      0      0 0.0028
   0,1      0      0      0      0      0 0.0000
   0,1      1      0      0      0      0 0.0028
   0,1      0      0      1      0      0 0.0028
   0,1      1      0      0      0      0 0.0028
   0,1      0      0      1      0      0 0.0029
   0,1      0      0      1      0      0 0.0030
   0,1      0      0      1      0      0 0.0031
   0,1      0      0      1      0      0 0.0030
   0,1      0      0      0      0      0 0.0000
   0,1      0      0      1      0      0 0.0031
   0,1      0      0      0      0      0 0.0000
   0,1      0      0      2      0      0 0.0062
   0,1      0      0      1      0      0 0.0032
   0,1      0      0      0      0      0 0.0000
   0,1      0      0      2      0      0 0.0061
   0,1      0      0      1      0      0 0.0031
   0,1      0      0      1      0      0 0.0032
   0,1      0      0      1      0      0 0.0031
   0,1      0      0      2      0      0 0.0063
   0,1      0      0      4      0      0 0.0121
   0,1      0      0      1      0      0 0.0032
   0,1      0      0      1      0      0 0.0031
   0,1      0      0      1      0      0 0.0029
   0,1      0      0      2      0      0 0.0063
   0,1      0      0      1      0      0 0.0032
   0,1      0      0      0      0      0 0.0000
   0,1      2      0      0      0      0 0.0060
   0,1      1      0      0      0      0 0.0032
  -1,1      1      0      0      0      0 0.0032
   0,1      0      0      3      0      0 0.0105
  -1,1      1      0      1      0      0 0.0063
   0,1      0      0      1      0      0 0.0033
   0,1      0      0      1      0      0 0.0033
   0,1      2      0      0      0      0 0.0064
   0,1      0      0      0      0      0 0.0000
  -1,1      1      0      1      0      0 0.0064
   0,1      0      0      1      0      0 0.0031
   0,1      2      0      1      0      0 0.0085
   0,1      0      0      1      0      0 0.0028
   0,1      0      0      0      0      0 0.0000
  -1,1      1      0      0      0      0 0.0028
   0,1      0      0      1      0      0 0.0029
   0,1      0      0      1      0      0 0.0028
   0,1      0      0      0      0      0 0.0000
   0,1      2      0      0      0      0 0.0060
   0,1      2      0      0      0      0 0.0061
  -1,1      1      0      0      0      0 0.0032
   0,1      0      0      1      0      0 0.0031
   0,1      1      0      1      0      0 0.0065
   0,1      0      0      1      0      0 0.0032
   0,1      1      0      0      0      0 0.0030
   0,1      0      0      1      0      0 0.0031
   0,1      0      0      0      0      0 0.0000
   0,1      0      0      1      0      0 0.0032
   0,1      0      0      1      0      0 0.0031
   0,1      0      0      1      0      0 0.0031
   0,1      0      0      0      0      0 0.0000
   0,1      0      0      1      0      0 0.0030
   0,1      0      0      1      0      0 0.0029
  -1,1      4      0      0      0      0 0.0122
   0,1      0      0      0      0      0 0.0000
   0,1      1      0      1      0      0 0.0063
  -1,1      1      0      0      0      0 0.0033
   0,1      0      0      1      0      0 0.0030
   0,1      0      0      0      0      0 0.0000
   0,1      0      0      0      0      0 0.0000
   0,1      0      0      0      0      0 0.0000
   0,1      1      0      0      0      0 0.0032
   0,1      0      0      1      0      0 0.0032
   0,1      0      0      1      0      0 0.0033
   0,1      0      0      1      0      0 0.0032
   0,1      0      0      1      0      0 0.0032
   0,1      0      0      1      0      0 0.0033
   0,1      0      0      1      0      0 0.0031
   0,1      0      0      1      0      0 0.0031
   0,1      0      0      2      0      0 0.0067
   0,1      0      0      1      0      0 0.0029
   0,1      0      0      1      0      0 0.0031
   0,1      0      0      0      0      0 0.0000
   0,1      0      0      0      0      0 0.0000
   0,1      0      0      1      0      0 0.0030
   0,1      0      0      1      0      0 0.0031
   0,1      0      0      0      0      0 0.0000
   0,1      0      0      1      0      0 0.0033
   0,1      0      0      1      0      0 0.0033
   0,1      0      0      1      0      0 0.0033
   0,1      0      0      1      0      0 0.0034
  -1,1      1      0      1      0      0 0.0069
   0,1      0      0      1      0      0 0.0034
   0,1      0      0      1      0      0 0.0035
  -1,1      1      0      1      0      0 0.0066
   0,1      0      0      0      0      0 0.0000
   0,1      0      0      3      0      0 0.0097
   0,1      0      0      1      0      0 0.0030
   0,1      0      0      1      0      0 0.0030
   0,1      0      0      0      0      0 0.0000
   0,1      0      0      1      0      0 0.0031
   0,1      2      0      1      0      0 0.0099
   0,1      0      0      1      0      0 0.0032
   0,1      1      0      1      0      0 0.0066
   0,1      0      0      0      0      0 0.0000
   0,1      0      0      1      0      0 0.0029
   0,1      0      0      1      0      0 0.0030
   0,1      2      0      1      0      0 0.0088
   0,1      0      0      1      0      0 0.0030
   0,1      0      0      0      0      0 0.0000
   0,1      0      0      1      0      0 0.0028
   0,1      0      0      0      0      0 0.0000
   0,1      0      0      1      0      0 0.0031
   0,1      0      0      0      0      0 0.0000
   0,1      0      0      1      0      0 0.0030
   0,1      0      0      1      0      0 0.0031
   0,1      0      0      1      0      0 0.0032
   0,1      0      0      8      0      0 0.0258
   0,1      0      0      1      0      0 0.0033
   0,1      0      0      1      0      0 0.0030
   0,1      0      0      0      0      0 0.0000
   0,1      0      0      0      0      0 0.0000
   0,1      1      0      0      0      0 0.0030
   0,1      0      0      0      0      0 0.0000
   0,1      0      0      0      0      0 0.0000
   0,1      0      0      1      0      0 0.0033
   0,1      0      0      1      0      0 0.0031
   0,1      2      0      0      0      0 0.0058
   0,1      0      0      1      0      0 0.0028
   0,1      0      0      1      0      0 0.0030
   0,1      1      0      0      0      0 0.0034
   0,1      0      0      1      0      0 0.0031
   0,1      0      0      0      0      0 0.0000
  -1,1      1      0      0      0      0 0.0032
   0,1      0      0      1      0      0 0.0031
   0,1      1      0      0      0      0 0.0031
   0,1      0      0      1      0      0 0.0033
   0,1      0      0      1      0      0 0.0030
   0,1      1      0      1      0      0 0.0063
   0,1      0      0      1      0      0 0.0030
   0,1      0      0      1      0      0 0.0030
   0,1      0      0      2      0      0 0.0059
   0,1      0      0      1      0      0 0.0029
  -1,1      1      0      0      0      0 0.0030
   0,1      2      0      0      0      0 0.0062
   0,1      0      0      1      0      0 0.0030
   0,1      0      0      0      0      0 0.0000
   0,1      0      0      1      0      0 0.0031
   0,1      0      0      0      0      0 0.0000
   0,1      0      0      0      0      0 0.0000
   0,1      0      0      0      0      0 0.0000
   0,1      2      0      1      0      0 0.0093
   0,1      2      0      1      0      0 0.0090
   0,1      0      0      1      0      0 0.0030
   0,1      1      0      0      0      0 0.0031
   0,1      1      0      0      0      0 0.0031
   0,1      0      0      0      0      0 0.0000
   0,1      0      0      1      0      0 0.0032
   0,1      0      0      0      0      0 0.0000
   0,1      0      0      2      0      0 0.0065
   0,1      0      0      1      0      0 0.0032
   0,1      0      0      0      0      0 0.0000
   0,1      0      0      0      0      0 0.0000
   0,1      1      0      1      0      0 0.0064
   0,1      0      0      1      0      0 0.0031
   0,1      0      0      1      0      0 0.0032
   0,1      0      0      0      0      0 0.0000
   0,1      0      0      1      0      0 0.0034
   0,1      2      0      0      0      0 0.0067
   0,1      2      0      0      0      0 0.0066
   0,1      1      0      0      0      0 0.0034
   0,1      2      0      1      0      0 0.0103
   0,1      0      0      0      0      0 0.0000
  -1,1      1      0      4      0      0 0.0167
   0,1      2      0      0      0      0 0.0063
   0,1      0      0      0      0      0 0.0000
   0,1      0      0      1      0      0 0.0032
   0,1      2      0      0      0      0 0.0068
   0,1      2      0      0      0      0 0.0067
   0,1      0      0      0      0      0 0.0000
   0,1      1      0      0      0      0 0.0032
   0,1      1      0      0      0      0 0.0032
   0,1      1      0      0      0      0 0.0032
   0,1      0      0      0      0      0 0.0000
   0,1      1      0      0      0      0 0.0032
   0,1      1      0      0      0      0 0.0033
   0,1      0      0      0      0      0 0.0000
   0,1      0      0      1      0      0 0.0032
   0,1      0      0      0      0      0 0.0000
   0,1      0      0      0      0      0 0.0000
   0,1      0      0      0      0      0 0.0000
   0,1      2      0      0      0      0 0.0064
   0,1      0      0      0      0      0 0.0000
   0,1      1      0      0      0      0 0.0031
   0,1      0      0      0      0      0 0.0000
   0,1      0      0      1      0      0 0.0031
   0,1      0      0      1      0      0 0.0030
   0,1      0      0      1      0      0 0.0030
   0,1      0      0      2      0      0 0.0064
   0,1      0      0      1      0      0 0.0030
   0,1      0      0      1      0      0 0.0031
   0,1      0      0      0      0      0 0.0000
   0,1      2      0      1      0      0 0.0093
   0,1      0      0      1      0      0 0.0031
   0,1      0      0      1      0      0 0.0031
   0,1      0      0      1      0      0 0.0029
   0,1      1      0      1      0      0 0.0059
   0,1      0      0      1      0      0 0.0030
   0,1      0      0      0      0      0 0.0000
   0,1      0      0      1      0      0 0.0030
   0,1      0      0      0      0      0 0.0000
   0,1      0      0      0      0      0 0.0000
   0,1      0      0      1      0      0 0.0029
   0,1      0      0      1      0      0 0.0030
   0,1      0      0      0      0      0 0.0000
   0,1      0      0      2      0      0 0.0061
   0,1      0      0      0      0      0 0.0000
  -1,1      1      0      2      0      0 0.0094
   0,1      0      0      1      0      0 0.0029
   0,1      0      0      0      0      0 0.0000
   0,1      0      0      1      0      0 0.0029
   0,1      0      0      1      0      0 0.0030
   0,1      0      0      3      0      0 0.0088
   0,1      0      0      1      0      0 0.0029
   0,1      0      0      1      0      0 0.0029
  -1,1      1      0      1      0      0 0.0058
   0,1      0      0      1      0      0 0.0029
   0,1      0      0      1      0      0 0.0028
   0,1      0      0      1      0      0 0.0029
   0,1      0      0      1      0      0 0.0029
   0,1      0      0      1      0      0 0.0030
   0,1      0      0      1      0      0 0.0030
   0,1      0      0      1      0      0 0.0029
   0,1      0      0      1      0      0 0.0031
   0,1      0      0      1      0      0 0.0030
   0,1      0      0      5      0      0 0.0147
   0,1      0      0      8      0      0 0.0244
   0,1      0      0      1      0      0 0.0030
   0,1      1      0      0      0      0 0.0035
   0,1      0      0      0      0      0 0.0000
  -1,1      3      0      1      0      1 0.0163
  -1,1      1      0      0      0      0 0.0032
   0,1      0      0      1      0      0 0.0032
   0,1      0      0      1      0      0 0.0032
   0,1      0      0      2      0      0 0.0058
   0,1      0      0      0      0      0 0.0000
   0,1      0      0      1      0      0 0.0031
   0,1      0      0      1      0      0 0.0031
   0,1      1      0      0      0      0 0.0030
   0,1      0      0      1      0      0 0.0032
   0,1      0      0      1      0      0 0.0030
   0,1      0      0      1      0      0 0.0030
   0,1      0      0      1      0      0 0.0033
   0,1      0      0      0      0      0 0.0000
   0,1      2      0      0      0      0 0.0061
   0,1      0      0      1      0      0 0.0031
   0,1      3      0      0      0      0 0.0094
   0,1      0      0      0      0      0 0.0000
   0,1      0      0      1      0      0 0.0031
   0,1      0      0      1      0      0 0.0031
  -1,1      1      0      1      0      0 0.0062
   0,1      0      0      1      0      0 0.0031
   0,1      0      0      0      0      0 0.0000
   0,1      0      0      0      0      0 0.0000
   0,1      0      0      1      0      0 0.0031
   0,1      0      0      0      0      0 0.0000
   0,1      0      0      1      0      0 0.0029
   0,1      0      0      1      0      0 0.0031
   0,1      0      0      1      0      0 0.0031
   0,1      1      0      0      0      0 0.0031
   0,1      1      0      0      0      0 0.0030
   0,1      0      0      0      0      0 0.0000
   0,1      1      0      0      0      0 0.0030
   0,1      2      0      0      0      0 0.0058
   0,1      0      0      1      0      0 0.0031
   0,1      0      0      1      0      0 0.0030
   0,1      1      0      1      0      0 0.0060
   0,1      0      0      1      0      0 0.0029
   0,1      2      0      1      0      0 0.0088
   0,1      0      0      0      0      0 0.0000
   0,1      1      0      0      0      0 0.0030
   0,1      1      0      0      0      0 0.0031
   0,1      0      0      1      0      0 0.0032
   0,1      0      0      1      0      0 0.0031
   0,1      0      0      1      0      0 0.0029
   0,1      0      0      1      0      0 0.0029
   0,1      0      0      1      0      0 0.0031
   0,1      0      0      1      0      0 0.0030
   0,1      0      0      1      0      0 0.0030
   0,1      0      0      0      0      0 0.0000
   0,1      0      0      0      0      0 0.0000
   0,1      0      0      1      0      0 0.0030
   0,1      0      0      0      0      0 0.0000
   0,1      0      0      0      0      0 0.0000
   0,1      0      0      0      0      0 0.0000
   0,1      1      0      1      0      0 0.0061
   0,1      0      0      1      0      0 0.0030
   0,1      0      0      1      0      0 0.0029
   0,1      0      0      0      0      0 0.0000
   0,1      0      0      0      0      0 0.0000
   0,1      0      0      1      0      0 0.0030
   0,1      0      0      1      0      0 0.0029
   0,1      0      0      1      0      0 0.0031
   0,1      0      0      1      0      0 0.0034
   0,1      0      0      0      0      0 0.0000
   0,1      2      0      0      0      0 0.0064
   0,1      0      0      1      0      0 0.0031
   0,1      0      0      0      0      0 0.0000
   0,1      1      0      0      0      0 0.0031
   0,1      2      0      0      0      0 0.0062
   0,1      2      0      0      0      0 0.0065
   0,1      2      0      1      0      0 0.0093
   0,1      0      0      0      0      0 0.0000
   0,1      0      0      0      0      0 0.0000
   0,1      0      0      0      0      0 0.0000
   0,1      0      0      1      0      0 0.0029
   0,1      2      0      1      0      0 0.0083
   0,1      0      0      1      0      0 0.0030
   0,1      0      0      1      0      0 0.0031
   0,1      0      0      1      0      0 0.0030
   0,1      1      0      1      0      0 0.0061
   0,1      0      0      1      0      0 0.0029
   0,1      0      0      1      0      0 0.0028
   0,1      0      0      1      0      0 0.0030
   0,1      2      0      1      0      0 0.0091
   0,1      2      0      0      0      0 0.0059
   0,1      0      0      2      0      0 0.0058
   0,1      0      0      1      0      0 0.0031
   0,1      0      0      1      0      0 0.0030
   0,1      0      0      0      0      0 0.0000
   0,1      0      0      1      0      0 0.0030
   0,1      0      0      0      0      0 0.0000
   0,1      0      0      1      0      0 0.0031
   0,1      0      0      1      0      0 0.0031
   0,1      2      0      0      0      0 0.0062
   0,1      0      0      0      0      0 0.0000
   0,1      0      0      1      0      0 0.0032
   0,1      0      0      1      0      0 0.0030
   0,1      0      0      1      0      0 0.0030
   0,1      0      0      1      0      0 0.0030
   0,1      0      0      1      0      0 0.0031
   0,1      0      0      1      0      0 0.0032
  -1,1      1      0      1      0      0 0.0065
   0,1      0      0      4      0      0 0.0128
   0,1      0      0      1      0      0 0.0030
   0,1      0      0      0      0      0 0.0000
   0,1      0      0      1      0      0 0.0031
   0,1      0      0      0      0      0 0.0000
   0,1      0      0      0      0      0 0.0000
   0,1      0      0      1      0      0 0.0031
   0,1      0      0      1      0      0 0.0030
   0,1      3      0      6      0      0 0.0280
   0,1      0      0      0      0      0 0.0000
   0,1      0      0      3      0      0 0.0095
   0,1      0      0      0      0      0 0.0000
   0,1      0      0      1      0      0 0.0031
   0,1      0      0      1      0      0 0.0031
   0,1      0      0      1      0      0 0.0031
  -1,1      1      0      1      0      0 0.0064
   0,1      0      0      0      0      0 0.0000
   0,1      0      0      1      0      0 0.0029
   0,1      0      0      1      0      0 0.0029
   0,1      0      0      1      0      0 0.0030
   0,1      0      0      1      0      0 0.0030
   0,1      0      0      1      0      0 0.0030
   0,1      0      0      0      0      0 0.0000
   0,1      0      0      3      0      0 0.0093
  -1,1      1      0      8      0      0 0.0282
   0,1      0      0      0      0      0 0.0000
   0,1      0      0      0      0      0 0.0000
   0,1      0      0      0      0      0 0.0000
   0,1      6      0      1      0      0 0.0211
   0,1      0      0      0      0      0 0.0000
   0,1      0      0      1      0      0 0.0032
   0,1      0      0      1      0      0 0.0030
   0,1      0      0      1      0      0 0.0032
   0,1      2      0      1      0      0 0.0093
   0,1      2      0      1      0      0 0.0093
   0,1      1      0      1      0      0 0.0061
   0,1      0      0      1      0      0 0.0029
   0,1      0      0      1      0      0 0.0030
   0,1      0      0      1      0      0 0.0031
   0,1      0      0      0      0      0 0.0000
   0,1      0      0      0      0      0 0.0000
   0,1      0      0      0      0      0 0.0000
   0,1      1      0      1      0      0 0.0067
   0,1      1      0      0      0      0 0.0035
   0,1      1      0      0      0      0 0.0035
   0,1      0      0      0      0      0 0.0000
   0,1      1      0      0      0      0 0.0035
   0,1      1      0      0      0      0 0.0037
   0,1      1      0      0      0      0 0.0036
   0,1      0      0      1      0      0 0.0034
   0,1      1      0      0      0      0 0.0037
   0,1      1      0      0      0      0 0.0036
   0,1      0      0      0      0      0 0.0000
   0,1      1      0      0      0      0 0.0038
   0,1      1      0      0      0      0 0.0035
   0,1      2      0      0      0      0 0.0063
   0,1      2      0      0      0      0 0.0063
   0,1      0      0      1      0      0 0.0031
   0,1      1      0      1      0      0 0.0060
   0,1      0      0      1      0      0 0.0031
   0,1      0      0      0      0      0 0.0000
   0,1      0      0      1      0      0 0.0032
   0,1      1      0      0      0      0 0.0032
   0,1      1      0      0      0      0 0.0032
   0,1      0      0      1      0      0 0.0030
   0,1      0      0      0      0      0 0.0000
   0,1      0      0      0      0      0 0.0000
   0,1      0      0      1      0      0 0.0031
   0,1      0      0      1      0      0 0.0030
   0,1      0      0      1      0      0 0.0030
   0,1      1      0      1      0      0 0.0063
   0,1      0      0      1      0      0 0.0031
   0,1      0      0      1      0      0 0.0030
   0,1      0      0      0      0      0 0.0000
   0,1      0      0      0      0      0 0.0000
   0,1      0      0      1      0      0 0.0032
   0,1      0      0      3      0      0 0.0090
   0,1      0      0      0      0      0 0.0000
   0,1      0      0      1      0      0 0.0032
   0,1      0      0      1      0      0 0.0031
  -1,1      1      0      0      0      0 0.0030
  -1,1      1      0      1      0      0 0.0058
   0,1      0      0      1      0      0 0.0030
  -1,1      1      0      1      0      0 0.0058
   0,1      0      0      1      0      0 0.0028
   0,1      0      0      1      0      0 0.0030
   0,1      0      0      1      0      0 0.0028
   0,1      1      0      0      0      0 0.0031
   0,1      1      0      1      0      0 0.0060
   0,1      1      0      0      0      0 0.0031
   0,1      0      0      1      0      0 0.0029
   0,1      1      0      0      0      0 0.0031
   0,1      0      0      1      0      0 0.0031
   0,1      0      0      1      0      0 0.0031
   0,1      0      0      1      0      0 0.0032
   0,1      1      0      0      0      0 0.0032
   0,1      1      0      0      0      0 0.0035
   0,1      2      0      0      0      0 0.0069
   0,1      1      0      0      0      0 0.0033
   0,1      0      0      0      0      0 0.0000
   0,1      1      0      0      0      0 0.0034
   0,1      0      0      0      0      0 0.0000
   0,1      0      0      1      0      0 0.0034
   0,1      1      0      0      0      0 0.0033
   0,1      0      0      0      0      0 0.0000
   0,1      0      0      1      0      0 0.0033
   0,1      0      0      0      0      0 0.0000
   0,1      0      0      1      0      0 0.0031
   0,1      0      0      1      0      0 0.0031
   0,1      0      0      1      0      0 0.0031
   0,1      0      0      1      0      0 0.0031
   0,1      0      0      1      0      0 0.0029
   0,1      0      0      1      0      0 0.0031
   0,1      0      0      1      0      0 0.0034
   0,1      0      0      1      0      0 0.0031
   0,1      0      0      1      0      0 0.0032
   0,1      0      0      1      0      0 0.0029
   0,1      0      0      1      0      0 0.0031
   0,1      0      0      1      0      0 0.0032
   0,1      0      0      1      0      0 0.0031
   0,1      0      0      1      0      0 0.0030
   0,1      0      0      1      0      0 0.0030
   0,1      0      0      1      0      0 0.0032
   0,1      0      0      1      0      0 0.0031
   0,1      0      0      2      0      0 0.0068
   0,1      0      0      1      0      0 0.0032
   0,1      0      0      1      0      0 0.0031
   0,1      2      0      0      0      0 0.0064
   0,1      0      0      1      0      0 0.0032
   0,1      0      0      1      0      0 0.0032
   0,1      0      0      1      0      0 0.0032
   0,1      0      0      1      0      0 0.0034
   0,0      0      0      8      0      0 0.0268
   0,1      0      0      0      0      0 0.0000
   0,1      1      0      1      0      0 0.0067
  -1,1      1      0      1      0      0 0.0059
   0,1      0      0      1      0      0 0.0031
   0,1      0      0      1      0      0 0.0032
   0,1      0      0      1      0      0 0.0030
   0,1      0      0      0      0      0 0.0000
   0,1      0      0      1      0      0 0.0033
  -1,1      1      0      1      0      0 0.0063
   0,1      0      0      0      0      0 0.0000
   0,1      0      0      0      0      0 0.0000
   0,1      0      0      0      0      0 0.0000
   0,1      0      0      5      0      0 0.0159
   0,1      0      0      1      0      0 0.0031
   0,1      0      0      0      0      0 0.0000
   0,1      0      0      4      0      0 0.0123
   0,1      1      0      1      0      0 0.0065
   0,1      0      0      1      0      0 0.0029
   0,1      0      0      0      0      0 0.0000
   0,1      0      0      1      0      0 0.0029
   0,1      0      0      1      0      0 0.0028
   0,1      1      0      0      0      0 0.0028
   0,1      0      0      1      0      0 0.0031
   0,1      0      0      1      0      0 0.0031
   0,1      0      0      0      0      0 0.0000
   0,1      1      0      0      0      0 0.0032
   0,1      0      0      1      0      0 0.0032
   0,1      0      0      0      0      0 0.0000
  -1,1      1      0      1      0      0 0.0070
   0,1      1      0      1      0      0 0.0073
   0,1      2      0      0      0      0 0.0067
   0,1      0      0      1      0      0 0.0033
   0,1      1      0      0      0      0 0.0034
   0,1      0      0      1      0      0 0.0030
   0,1      0      0      0      0      0 0.0000
   0,1      0      0      0      0      0 0.0000
   0,1      0      0      1      0      0 0.0030
   0,1      0      0      0      0      0 0.0000
   0,1      1      0      0      0      0 0.0030
   0,1      0      0      1      0      0 0.0030
   0,1      0      0      0      0      0 0.0000
   0,1      0      0      1      0      0 0.0030
   0,1      0      0      1      0      0 0.0030
   0,1      0      0      1      0      0 0.0032
   0,1      0      0      1      0      0 0.0031
   0,1      0      0      1      0      0 0.0032
   0,1      0      0      0      0      0 0.0000
   0,1      0      0      1      0      0 0.0029
   0,1      0      0      1      0      0 0.0030
   0,1      0      0      1      0      0 0.0032
   0,1      0      0      1      0      0 0.0030
   0,1      0      0      1      0      0 0.0031
   0,1      0      0      1      0      0 0.0031
   0,1      0      0      0      0      0 0.0000
   0,1      0      0      0      0      0 0.0000
   0,1      0      0      1      0      0 0.0030
   0,1      0      0      1      0      0 0.0031
   0,1      2      0      0      0      0 0.0061
   0,1      0      0      0      0      0 0.0000
   0,1      1      0      1      0      0 0.0061
   0,1      1      0      1      0      0 0.0059
   0,1      2      0      0      0      0 0.0062
   0,1      0      0      0      0      0 0.0000
   0,1      0      0      1      0      0 0.0031
   0,1      0      0      1      0      0 0.0032
   0,1      0      0      1      0      0 0.0035
   0,1      0      0      0      0      0 0.0000
   0,1      0      0      0      0      0 0.0000
   0,1      0      0      1      0      0 0.0033
   0,1      0      0      1      0      0 0.0031
   0,1      2      0      0      0      0 0.0061
   0,1      0      0      1      0      0 0.0032
   0,1      0      0      1      0      0 0.0029
   0,1      0      0      1      0      0 0.0031
   0,1      0      0      0      0      0 0.0000
   0,1      0      0      1      0      0 0.0031
   0,1      0      0      0      0      0 0.0000
   0,1      0      0      0      0      0 0.0000
   0,1      0      0      1      0      0 0.0031
   0,1      0      0      1      0      0 0.0031
   0,1      0      0      1      0      0 0.0031
   0,1      0      0      1      0      0 0.0031
   0,1      0      0      1      0      0 0.0030
   0,1      0      0      1      0      0 0.0030
   0,1      0      0      1      0      0 0.0030
   0,1      0      0      1      0      0 0.0031
   0,1      0      0      1      0      0 0.0030
   0,1      0      0      5      0      0 0.0167
   0,1      0      0      0      0      0 0.0000
   0,1      0      0      1      0      0 0.0034
   0,1      0      0      1      0      0 0.0033
  -1,1      1      0      1      0      0 0.0074
   0,1      1      0      0      0      0 0.0034
   0,1      1      0      0      0      0 0.0032
   0,1      2      0      0      0      0 0.0067
   0,1      0      0      1      0      0 0.0031
   0,1      0      0      1      0      0 0.0031
   0,1      0      0      1      0      0 0.0030
   0,1      1      0      0      0      0 0.0033
   0,1      0      0      0      0      0 0.0000
   0,1      1      0      0      0      0 0.0031
   0,1      1      0      0      0      0 0.0034
   0,1      1      0      0      0      0 0.0033
   0,1      0      0      0      0      0 0.0000
   0,1      1      0      0      0      0 0.0034
   0,1      0      0      1      0      0 0.0034
  -1,1      1      0      1      0      0 0.0064
   0,1      0      0      1      0      0 0.0031
   0,1      0      0      1      0      0 0.0029
   0,1      0      0      8      0      0 0.0247
   0,1      0      0      1      0      0 0.0031
   0,1      0      0      1      0      0 0.0032
   0,1      0      0      0      0      0 0.0000
   0,1      0      0      1      0      0 0.0031
   0,1      0      0      4      0      0 0.0123
   0,1      0      0      0      0      0 0.0000
   0,1      0      0      1      0      0 0.0032
   0,1      0      0      1      0      0 0.0031
   0,1      1      0      1      0      0 0.0059
   0,1      0      0      2      0      0 0.0064
   0,1      0      0      2      0      0 0.0063
   0,1      0      0      0      0      0 0.0000
   0,1      0      0      1      0      0 0.0032
   0,1      0      0      1      0      0 0.0034
   0,1      0      0      0      0      0 0.0000
   0,1      0      0      1      0      0 0.0032
   0,1      0      0      0      0      0 0.0000
   0,1      1      0      1      0      0 0.0063
   0,1      0      0      1      0      0 0.0031
   0,1      0      0      1      0      0 0.0032
   0,1      2      0      0      0      0 0.0060
   0,1      0      0      1      0      0 0.0030
   0,1      0      0      0      0      0 0.0000
   0,1      0      0      1      0      0 0.0028
   0,1      0      0      1      0      0 0.0030
   0,1      0      0      1      0      0 0.0031
   0,1      0      0      0      0      0 0.0000
   0,1      0      0      1      0      0 0.0031
   0,1      0      0      1      0      0 0.0030
   0,1      0      0      1      0      0 0.0032
   0,1      0      0      1      0      0 0.0031
   0,1      0      0      1      0      0 0.0032
   0,1      1      0      0      0      0 0.0031
   0,1      1      0      0      0      0 0.0034
   0,1      0      0      1      0      0 0.0031
   0,1      0      0      0      0      0 0.0000
   0,1      0      0      0      0      0 0.0000
   0,1      3      0      0      0      0 0.0088
   0,1      0      0      1      0      0 0.0035
   0,1      0      0      1      0      0 0.0033
   0,1      0      0      1      0      0 0.0030
   0,1      1      0      0      0      0 0.0032
   0,1      0      0      0      0      0 0.0000
   0,1      0      0      1      0      0 0.0031
   0,1      0      0      1      0      0 0.0033
   0,1      0      0      0      0      0 0.0000
   0,1      0      0      5      0      0 0.0162
   0,1      0      0      0      0      0 0.0000
   0,1      0      0      0      0      0 0.0000
   0,1      0      0      0      0      0 0.0000
