# sum_sasa_84-94_1yta_wt_mss3
5.159615490000001046e+02
4.897725110000000086e+02
4.720489799999999718e+02
4.519490230000000111e+02
4.055413130000000024e+02
4.696509700000000294e+02
4.409931859999999801e+02
4.920158319999999890e+02
4.219181360000000609e+02
4.482637569999999982e+02
4.184907269999999926e+02
4.585753950000000145e+02
4.684335480000000302e+02
4.302332210000000146e+02
4.696981599999999730e+02
4.708950910000000363e+02
4.169565010000000598e+02
4.588398169999999823e+02
5.017833219999999983e+02
5.465189770000000635e+02
4.900456910000000335e+02
4.798994969999999967e+02
4.773644449999999892e+02
4.849966840000000161e+02
4.855088330000000383e+02
4.734895629999999755e+02
4.865388209999999845e+02
5.006813030000000708e+02
4.479135540000000333e+02
5.193689429999999447e+02
4.748999779999999191e+02
5.039935649999999896e+02
4.254656039999999848e+02
4.535026600000001054e+02
4.747855430000000183e+02
4.256508649999999534e+02
4.586592870000000630e+02
3.968787949999999682e+02
5.277568269999999302e+02
4.682099160000000211e+02
4.636983439999999632e+02
5.007677259999999251e+02
5.521239229999999907e+02
5.090619890000000396e+02
4.786456690000000549e+02
5.199583079999999882e+02
4.691419320000000539e+02
4.654137880000000109e+02
5.498064300000000912e+02
5.540929019999999809e+02
5.590704140000000280e+02
5.385559789999999794e+02
5.526630680000000666e+02
5.557958710000000337e+02
5.331405260000000226e+02
5.497939380000000256e+02
5.365147850000000744e+02
5.651844389999999976e+02
4.807350249999999505e+02
4.408737349999999537e+02
5.165588740000000598e+02
5.171801479999999174e+02
5.220319389999999657e+02
5.256399579999999787e+02
5.247253279999999904e+02
5.026541580000000522e+02
5.107204990000000180e+02
5.579377980000000434e+02
5.418116320000000314e+02
4.936851510000000189e+02
5.247189230000000180e+02
5.298207170000000588e+02
4.431926599999999894e+02
5.329236459999999624e+02
4.563723520000000349e+02
5.157114619999999832e+02
5.035449990000000184e+02
5.123455559999999878e+02
5.172679600000000164e+02
5.337845570000000635e+02
5.317541760000000295e+02
5.262627050000000963e+02
5.195303830000000289e+02
5.225991500000000087e+02
5.087543989999999781e+02
4.999089570000001004e+02
5.556122649999999794e+02
5.152093560000000707e+02
5.663134650000000647e+02
5.073691270000000486e+02
5.430049860000000308e+02
5.157689400000000433e+02
5.554811170000000402e+02
5.202153580000000375e+02
5.174761530000000675e+02
4.493541119999999864e+02
5.193105280000000903e+02
5.514675829999999905e+02
5.043988980000000311e+02
5.144187849999999571e+02
5.061281639999999697e+02
5.380873619999999846e+02
5.300372849999999971e+02
5.017268490000000156e+02
5.162574979999999414e+02
5.440696759999999585e+02
4.866899629999999206e+02
5.018810330000000022e+02
5.151478159999999207e+02
5.309717299999999796e+02
5.577731770000000324e+02
5.164215530000000172e+02
4.903031029999999646e+02
5.288368600000000015e+02
5.055249079999999822e+02
5.224436319999999796e+02
4.676923509999999737e+02
5.571133189999999331e+02
5.149460540000000037e+02
4.910051199999999767e+02
5.285507559999999785e+02
5.286026909999999361e+02
5.413769899999998643e+02
5.272037629999999808e+02
5.125347889999999325e+02
5.428246599999999944e+02
5.344669959999999946e+02
5.013100010000000566e+02
5.016964939999999729e+02
5.584826639999999998e+02
5.246083589999999504e+02
4.909375130000000809e+02
5.458884480000000394e+02
5.153702809999999772e+02
4.757329250000000229e+02
5.415553090000000793e+02
5.359548150000000533e+02
5.039918210000000158e+02
5.571528919999999516e+02
5.207584449999999379e+02
5.167901940000000423e+02
4.787518979999999829e+02
4.943179169999999658e+02
5.697537960000000794e+02
4.722406750000000102e+02
5.025113549999999805e+02
5.465603360000000066e+02
5.321802870000000212e+02
5.453410360000000310e+02
5.107888020000000324e+02
5.770355799999999817e+02
5.058507610000000909e+02
5.499103920000000016e+02
4.869083769999999731e+02
5.279969210000000430e+02
5.236160640000000512e+02
4.612186399999999935e+02
4.898426729999999907e+02
4.853883470000000102e+02
5.853599769999999580e+02
5.456719349999999622e+02
5.291684549999999945e+02
5.062971870000000081e+02
5.152083939999999984e+02
5.266005359999999200e+02
5.288406909999999925e+02
4.876549289999999814e+02
5.409497470000000021e+02
5.128052269999999453e+02
4.485690070000000560e+02
5.651728370000000723e+02
5.451625439999999116e+02
5.481046199999999544e+02
5.409754769999999553e+02
5.139260570000000143e+02
5.337749290000000428e+02
4.979749509999999759e+02
5.668503390000000763e+02
5.062692289999999957e+02
5.623192139999999881e+02
5.302079360000000179e+02
5.468473520000000008e+02
5.027440180000000396e+02
5.616018109999999979e+02
4.376903829999999971e+02
4.751759409999999662e+02
4.736723200000000134e+02
4.754599610000000212e+02
4.678028689999999870e+02
4.023930249999999660e+02
5.345294639999999617e+02
5.097796979999999962e+02
4.789528079999999477e+02
3.420613890000000197e+02
5.049572410000000104e+02
4.672128270000000043e+02
5.010047259999999483e+02
5.384956680000000233e+02
5.278377810000000636e+02
4.794758600000000683e+02
5.095245440000000485e+02
5.108588839999999891e+02
5.121174200000000383e+02
5.309202640000000883e+02
4.844114030000000639e+02
5.126883589999999913e+02
5.299162059999998746e+02
4.856395920000000501e+02
5.079464530000000764e+02
5.319637529999999970e+02
5.108030370000000175e+02
4.930944430000000693e+02
5.355310130000000299e+02
5.065595499999999447e+02
5.566768590000000358e+02
5.318067740000000185e+02
5.457549169999999776e+02
4.476131050000000187e+02
3.961125130000000354e+02
5.065490540000000692e+02
4.692515819999999280e+02
4.789107450000000767e+02
5.356814100000000280e+02
5.153331790000000865e+02
5.216560850000000755e+02
5.389898689999999988e+02
5.284905009999999947e+02
5.166372999999999820e+02
5.383576100000000224e+02
5.541131209999999783e+02
5.539494940000000724e+02
5.684493689999999333e+02
5.419301380000000563e+02
4.868153069999999616e+02
5.395347910000000411e+02
5.198767189999999800e+02
5.396690859999999930e+02
5.119035289999999918e+02
5.449569609999999784e+02
5.144659619999999904e+02
4.726754260000000727e+02
5.104704430000000457e+02
4.215682799999999020e+02
5.454706810000000132e+02
5.429184070000000020e+02
5.037171559999999317e+02
5.906384960000000319e+02
4.979783199999999397e+02
5.200176299999999401e+02
5.400708620000000337e+02
5.448254160000000184e+02
5.238387219999999616e+02
4.965336439999999811e+02
5.891795050000000629e+02
5.831138919999999644e+02
5.383637750000000324e+02
4.677976850000000013e+02
5.120481670000000349e+02
5.016794070000000829e+02
4.470909429999999816e+02
5.000762499999999591e+02
5.485250690000000304e+02
5.085316559999999981e+02
5.095645830000000274e+02
5.362323830000000271e+02
5.512968429999999671e+02
5.301720340000000533e+02
5.331835519999999633e+02
4.909814670000000092e+02
5.129811730000000125e+02
5.284597430000001168e+02
5.013860050000000115e+02
4.902858879999999431e+02
5.385637169999999969e+02
5.335954570000000103e+02
5.045524360000000570e+02
5.493310670000000755e+02
5.811442690000000084e+02
4.707710389999999734e+02
5.694013429999999971e+02
5.170364359999999806e+02
5.403101099999998951e+02
5.307949869999999919e+02
5.346505240000000185e+02
5.106257120000000214e+02
5.354537289999999530e+02
4.667063340000000267e+02
5.141871960000000854e+02
5.315774239999999509e+02
5.272264199999999619e+02
5.369392639999999801e+02
5.530696550000000116e+02
5.219938100000000532e+02
5.071671740000000455e+02
5.374132650000000240e+02
5.159851200000000517e+02
5.010903570000000400e+02
4.597763630000000035e+02
5.330736839999999575e+02
5.357887869999999566e+02
4.851577780000000644e+02
5.335016789999999673e+02
5.502967330000000175e+02
5.192826989999999796e+02
5.211236499999999978e+02
5.288498139999999239e+02
5.145881200000000035e+02
4.830240810000000806e+02
5.510240790000000288e+02
5.288850680000000466e+02
5.430118259999999282e+02
5.075882790000000568e+02
5.545927669999999807e+02
5.360213519999999789e+02
5.751647570000000087e+02
5.176831429999999727e+02
5.027923379999999725e+02
5.200000179999999546e+02
5.305615800000000490e+02
5.356275110000000268e+02
4.832392300000000205e+02
5.073189740000000256e+02
5.078846549999999525e+02
5.209362090000000762e+02
5.455545690000000150e+02
5.048595659999999725e+02
5.144426449999999704e+02
5.498404679999999871e+02
5.435345619999999371e+02
5.367074499999999944e+02
6.011433920000000626e+02
4.785807249999999158e+02
4.936519730000000550e+02
5.415776250000000118e+02
5.314646940000000086e+02
5.099083180000000652e+02
5.234275739999999359e+02
5.266877610000000232e+02
5.013359820000000013e+02
5.015148830000000544e+02
5.754359140000000252e+02
5.525585609999999406e+02
4.713303109999999378e+02
4.570101649999999154e+02
5.160861049999999750e+02
5.221025129999999308e+02
4.200156600000000253e+02
4.778448579999999879e+02
4.742879740000000197e+02
4.704763279999999668e+02
4.780205630000000383e+02
5.054761240000000271e+02
5.177926840000000084e+02
4.564804929999999672e+02
4.901433320000001004e+02
5.044279360000000452e+02
4.788161729999999352e+02
4.970811220000000503e+02
4.361153809999999567e+02
4.904216580000000363e+02
4.823394209999999589e+02
4.599025720000000206e+02
4.937942419999999970e+02
5.120210980000000518e+02
4.689584509999999682e+02
5.108311130000000162e+02
5.291338379999999688e+02
4.870457360000000335e+02
4.938219400000000405e+02
4.873286170000000084e+02
5.199425970000000916e+02
4.834856950000000779e+02
5.237653609999999844e+02
5.003410109999999804e+02
4.570918260000000259e+02
4.463542690000000448e+02
4.997666869999999335e+02
5.141422440000000051e+02
5.338636780000000499e+02
4.664708459999999945e+02
4.801061659999999733e+02
5.347523659999999381e+02
4.820091129999999566e+02
5.265044110000001183e+02
4.717817630000000122e+02
5.117997419999999806e+02
4.522863549999999577e+02
5.241460369999999784e+02
5.198394510000000537e+02
5.319319190000001072e+02
4.678330980000000636e+02
5.273815059999999448e+02
4.840595070000000533e+02
4.612832329999999956e+02
4.046008390000000077e+02
4.994899280000000203e+02
4.799976370000000543e+02
4.680563190000000304e+02
4.982943999999999392e+02
4.979494320000000016e+02
5.143458940000000439e+02
4.500568149999999719e+02
4.887682220000000370e+02
5.045372620000000552e+02
5.275304639999999381e+02
4.430355360000000928e+02
4.752610230000000797e+02
4.992797390000000632e+02
4.367074049999999374e+02
5.259067550000000892e+02
4.661234079999999835e+02
4.419730219999999576e+02
4.988153700000000299e+02
4.502195450000000392e+02
4.607786690000000362e+02
4.655734609999999520e+02
4.704870120000000497e+02
5.273060230000000956e+02
5.266362619999999879e+02
4.787256020000000376e+02
4.240671849999999949e+02
4.923770880000000716e+02
5.255521549999999706e+02
3.991316529999999716e+02
4.585662849999999935e+02
5.423863790000000336e+02
4.693970419999999990e+02
4.964346589999999537e+02
4.795219559999999888e+02
4.772158059999999864e+02
4.867555939999999737e+02
4.632015889999999558e+02
4.755751900000000205e+02
5.054889079999999808e+02
4.899989510000000337e+02
4.584531310000000417e+02
4.827982739999999922e+02
5.039189889999999536e+02
4.999638400000000047e+02
5.054823630000000776e+02
5.286143950000000586e+02
5.582136919999999236e+02
5.027652670000000512e+02
5.380014370000000099e+02
5.111693980000000010e+02
4.928191120000000183e+02
4.820957940000000121e+02
4.524276229999999828e+02
5.295149209999999584e+02
4.172575780000000236e+02
4.599003699999999526e+02
5.016696860000000697e+02
4.458293060000000310e+02
5.023180889999999863e+02
4.927475100000000339e+02
5.114918209999999590e+02
4.755417850000000044e+02
5.295907320000000027e+02
5.324510279999999511e+02
5.650802509999998620e+02
5.462234180000000379e+02
5.060512579999999616e+02
4.667414489999999887e+02
4.796430359999999951e+02
4.720374489999999810e+02
4.742242640000000051e+02
5.764819949999999835e+02
5.313981700000000501e+02
4.930551330000000689e+02
4.749049380000000156e+02
5.031403350000000501e+02
5.031267490000000180e+02
5.332918359999999893e+02
5.185551749999999629e+02
5.666697730000000774e+02
5.264516009999999824e+02
5.680113020000000006e+02
5.431119869999999992e+02
5.141143959999999424e+02
5.314545920000000478e+02
5.261983149999999796e+02
5.705550150000000258e+02
5.441985010000000784e+02
5.579511309999999185e+02
4.878874309999999923e+02
5.452176809999998568e+02
5.279072589999999536e+02
5.053340810000000261e+02
5.560470840000000408e+02
5.157605710000000272e+02
5.096785590000000070e+02
4.938726960000000190e+02
5.375555470000000469e+02
5.089770050000000197e+02
5.193872430000000122e+02
5.175303349999999227e+02
4.911787890000000516e+02
5.226256220000000212e+02
5.137317440000000488e+02
4.825863039999999842e+02
4.719895849999999768e+02
5.672819460000000618e+02
5.336171430000000555e+02
5.151574070000000347e+02
5.399485020000000759e+02
4.850600990000000365e+02
4.868071729999999775e+02
5.541014870000000201e+02
5.409633400000000165e+02
5.464229329999999436e+02
5.298107840000000124e+02
5.358527450000000272e+02
4.890601749999999583e+02
5.173274969999999939e+02
5.410264339999999947e+02
5.524738039999999728e+02
5.399351350000000593e+02
5.361477069999999685e+02
5.267977470000000721e+02
5.223023880000000645e+02
4.865236889999999903e+02
4.678125810000000229e+02
5.230044600000001083e+02
5.496461000000000467e+02
4.966884210000000621e+02
5.406498249999999643e+02
5.069620990000000234e+02
4.752370030000000156e+02
5.355504579999999351e+02
5.142136380000000599e+02
5.309405369999999493e+02
5.208931500000001051e+02
6.079620690000000423e+02
5.329020170000000007e+02
5.513502969999999550e+02
4.588135140000000547e+02
4.769023430000000303e+02
4.387846519999999941e+02
5.431738239999999678e+02
4.809566519999999628e+02
5.283329059999999799e+02
5.138378959999998870e+02
5.148787909999998647e+02
5.181375639999999976e+02
5.026939950000000863e+02
5.385760500000001230e+02
5.555600410000000693e+02
5.484790739999999687e+02
5.327827760000000126e+02
5.117411080000000538e+02
5.201931289999999990e+02
5.515338080000000218e+02
5.691290019999999004e+02
4.881216430000000628e+02
4.172702699999999822e+02
5.258748279999999795e+02
5.284484469999999874e+02
5.422699880000000121e+02
4.967179590000000644e+02
5.077661920000000464e+02
5.436287110000000666e+02
4.894853889999999978e+02
4.907778200000000197e+02
4.627240879999999379e+02
5.110104969999999867e+02
5.879782549999999901e+02
4.953802660000000060e+02
4.612908550000000218e+02
5.319372150000000374e+02
5.067868950000000154e+02
5.002558720000000108e+02
5.273197370000000319e+02
5.049793450000000803e+02
5.792468209999999544e+02
5.408652429999999640e+02
5.150466420000000198e+02
4.450058740000000057e+02
5.070735029999999597e+02
5.013825379999999541e+02
5.358564190000000735e+02
5.334848160000000235e+02
5.073545230000000288e+02
5.166603870000000143e+02
5.466447989999999209e+02
5.394655700000000706e+02
4.829341110000000299e+02
4.915111819999999625e+02
5.230085619999999835e+02
5.246680280000000494e+02
5.192430690000001050e+02
5.714812979999999243e+02
5.336573419999999714e+02
5.493276630000000296e+02
5.015374659999999380e+02
5.206965279999999439e+02
5.199344130000000632e+02
4.796904480000000035e+02
5.501108369999999468e+02
4.778710859999999343e+02
4.763363229999999930e+02
5.305959219999999732e+02
6.100998109999999315e+02
5.407803719999999430e+02
5.506149889999999232e+02
5.078180269999999723e+02
5.689105900000000702e+02
5.438678660000000491e+02
5.711276619999999866e+02
4.851818569999999795e+02
5.466554779999999027e+02
4.939008460000000014e+02
5.352633319999999912e+02
5.451578819999999723e+02
5.779244169999999485e+02
5.052121140000000423e+02
5.323289390000001049e+02
5.071399309999999900e+02
4.962864700000000084e+02
4.923222160000000258e+02
5.319217749999999114e+02
5.677205500000000029e+02
4.460828359999999861e+02
4.939637829999999781e+02
5.344573030000000244e+02
5.278113399999999729e+02
5.386563569999999572e+02
5.421952249999999367e+02
5.416122659999999769e+02
5.514681339999999636e+02
5.817170180000000528e+02
5.593333470000000034e+02
5.429425019999999904e+02
4.943765690000000177e+02
4.989465650000000210e+02
5.335202480000000378e+02
4.838239409999999907e+02
5.355308460000001105e+02
4.663814130000000091e+02
4.708725719999999342e+02
4.779374469999999633e+02
5.239819739999999229e+02
5.064340129999999931e+02
5.194798240000000078e+02
5.655110530000000608e+02
5.065161970000000338e+02
4.963849510000000009e+02
5.099196640000000116e+02
5.660541480000000547e+02
5.134760770000000321e+02
5.344725030000000743e+02
5.025276039999999966e+02
4.897098829999999907e+02
5.271174530000000686e+02
4.925427890000000843e+02
5.161549310000000332e+02
5.302786569999999529e+02
5.845720400000000154e+02
5.016452980000000252e+02
5.105192110000000412e+02
4.851751139999998941e+02
5.424500659999999925e+02
5.350401129999999057e+02
5.437771669999999631e+02
5.252061719999999241e+02
5.080654700000000048e+02
4.832879009999999766e+02
5.258492230000000518e+02
5.244710069999999860e+02
5.303377410000000509e+02
5.087115809999999669e+02
5.242062919999999622e+02
6.037948480000000018e+02
5.324691840000000411e+02
4.664398969999999736e+02
5.261125630000000228e+02
4.375866390000000479e+02
4.979492269999999507e+02
5.334202970000000050e+02
5.122376419999999371e+02
4.970565130000000522e+02
4.637836120000000051e+02
5.241899069999999483e+02
5.512955240000000003e+02
5.180843250000000353e+02
5.611065070000000787e+02
5.105935630000000742e+02
4.961293269999999325e+02
5.096305500000000279e+02
5.327702850000000581e+02
5.212260350000000244e+02
5.431692029999999249e+02
4.875009939999999915e+02
5.624809789999999339e+02
5.218944349999999304e+02
5.260710460000000239e+02
5.636586259999999129e+02
4.928405349999999885e+02
5.288202179999999544e+02
5.515783500000000004e+02
5.114901290000000245e+02
5.103899930000000040e+02
5.289662070000000540e+02
5.234158489999999802e+02
4.971275430000000597e+02
5.374869320000000243e+02
5.452539060000000291e+02
5.193370820000000094e+02
5.135143850000000612e+02
5.564340480000000753e+02
5.479264400000000705e+02
5.036212049999999181e+02
5.689986979999998766e+02
5.176422069999999849e+02
5.717799989999999752e+02
5.061402520000000322e+02
5.405454990000000635e+02
5.008991380000000504e+02
4.915958249999999907e+02
5.232428639999999405e+02
4.844664849999999774e+02
5.202777009999999791e+02
4.758712810000000673e+02
4.857717230000000086e+02
5.289610199999999622e+02
4.986816890000000626e+02
5.137043179999999438e+02
5.119312590000000114e+02
5.071584859999999253e+02
5.428008800000000065e+02
5.258914640000000418e+02
5.121729129999999941e+02
5.040576839999999947e+02
5.145245499999999765e+02
5.166675430000000233e+02
5.393763850000000275e+02
5.561335179999999809e+02
4.726020570000000589e+02
5.523102939999999990e+02
5.556712039999999888e+02
4.425946059999999989e+02
5.960701679999999669e+02
5.266098300000001018e+02
5.491535030000000006e+02
5.299712099999999282e+02
5.695841259999999693e+02
5.226719779999999673e+02
5.403097440000000233e+02
5.365837099999998827e+02
5.567950130000000399e+02
5.221875010000001112e+02
5.505701340000000528e+02
5.242205589999999802e+02
5.657006529999999884e+02
4.953977580000000671e+02
5.419249999999999545e+02
5.693751809999999978e+02
5.159546809999999368e+02
4.969712579999999207e+02
5.660132200000000466e+02
5.057691250000000309e+02
5.494163029999999708e+02
5.452411039999999502e+02
5.208063079999999445e+02
5.761520319999999629e+02
5.882035850000000892e+02
5.357794069999999920e+02
4.959713489999999751e+02
5.250377280000000155e+02
4.800458460000000400e+02
5.015693980000000352e+02
4.947969899999999939e+02
5.194951429999999846e+02
5.188273490000000265e+02
4.829485320000000002e+02
4.638660489999999754e+02
4.950809960000000274e+02
5.075873319999999467e+02
5.098566669999999590e+02
4.407564130000000091e+02
5.219227460000000747e+02
5.372758679999999458e+02
4.836107799999999770e+02
5.243840609999999742e+02
4.572299270000000320e+02
5.344536170000000084e+02
5.015957880000000273e+02
5.255775810000000092e+02
5.348989429999999174e+02
5.325498890000000074e+02
5.024469240000000809e+02
5.356693890000000238e+02
5.147419169999999440e+02
5.498398080000000618e+02
5.193902120000000195e+02
5.397411540000000514e+02
4.643760369999999398e+02
4.471054010000000289e+02
5.162009909999999309e+02
5.117554069999999911e+02
4.906563439999999900e+02
5.032046060000000125e+02
5.098966500000000224e+02
5.428873379999999997e+02
5.291405369999999948e+02
4.791113729999999578e+02
4.584184289999999464e+02
5.758585790000000770e+02
5.536574869999999464e+02
5.720774790000000394e+02
5.215309590000000526e+02
5.501051800000000185e+02
5.236458379999999124e+02
4.931473649999999225e+02
5.704076420000000098e+02
5.146041139999999814e+02
5.223559030000000121e+02
4.866711779999999976e+02
5.075880300000000034e+02
5.145432970000000523e+02
5.115896190000000274e+02
5.312531219999999621e+02
5.359285240000000385e+02
4.929459489999999278e+02
5.479641920000000255e+02
5.371897340000000440e+02
5.380225080000000162e+02
5.328500520000000051e+02
5.375154479999999921e+02
5.123359570000000076e+02
5.279658680000000004e+02
5.074280039999999872e+02
5.126074610000000575e+02
4.774122730000000274e+02
5.082693900000000440e+02
5.273545599999999922e+02
4.620871899999999641e+02
5.108925449999999842e+02
5.310487979999999197e+02
5.574844390000000658e+02
5.530769650000000865e+02
5.041415929999999435e+02
5.596138980000000629e+02
5.700727919999999358e+02
5.440942690000000539e+02
5.452626620000000912e+02
5.354126400000000103e+02
5.229752920000000813e+02
5.085107369999999491e+02
5.306908399999999801e+02
5.143265699999999470e+02
5.304813229999999749e+02
5.543076539999999568e+02
5.101430659999999762e+02
5.543878100000000586e+02
5.475589270000000397e+02
5.287699159999999665e+02
5.032386750000000575e+02
5.816729040000000168e+02
5.445168210000000499e+02
5.634809749999999440e+02
5.267663089999999784e+02
5.057401169999999411e+02
4.794310479999999757e+02
5.351792040000000270e+02
4.791842679999999746e+02
4.872542760000000044e+02
5.007975860000000239e+02
5.143798299999999699e+02
5.186907149999999547e+02
5.190955219999999599e+02
5.376034190000000308e+02
5.580070229999998901e+02
5.681931250000000091e+02
5.721997450000000072e+02
4.950032710000000407e+02
5.307927389999999832e+02
4.561190699999999651e+02
4.956074850000000538e+02
5.032090689999999995e+02
4.555780400000000441e+02
5.277308030000000372e+02
5.351109010000000126e+02
4.869651700000000574e+02
4.768051159999999982e+02
5.072857819999999265e+02
5.201660299999999779e+02
5.029267989999999600e+02
4.837821129999999812e+02
5.378293869999999970e+02
5.255733169999999745e+02
5.204461709999999357e+02
5.067550280000000384e+02
5.184331170000000384e+02
5.056860900000000356e+02
5.089064300000000571e+02
5.251839370000000145e+02
5.426911639999999579e+02
4.945824329999999236e+02
5.534384720000000470e+02
5.674500740000000860e+02
5.348798970000000281e+02
5.829916630000000168e+02
5.382132590000001073e+02
5.316569189999999026e+02
5.237515189999999166e+02
5.157913069999999607e+02
5.513018839999999727e+02
4.979285260000000335e+02
4.920779929999999922e+02
5.483361649999999372e+02
5.229405839999999444e+02
4.967517789999999991e+02
5.255048510000000306e+02
4.966911430000000109e+02
4.787939669999999523e+02
4.832802819999999997e+02
5.541103200000000015e+02
5.274948789999999690e+02
5.098225740000000314e+02
5.239358690000001388e+02
5.019307989999999791e+02
5.184149610000000621e+02
4.843178049999999644e+02
4.897897489999999721e+02
5.521599820000000136e+02
4.968740619999999808e+02
5.430695660000000089e+02
5.239650309999999536e+02
5.278481310000000803e+02
5.018267599999999788e+02
4.658910670000000209e+02
5.301697250000000849e+02
5.751362490000000207e+02
4.860115109999999845e+02
5.216781859999999824e+02
5.345922209999999950e+02
5.668162360000000035e+02
5.467067620000000261e+02
5.253959660000000440e+02
5.164568960000000288e+02
4.958872029999999995e+02
5.030225759999999582e+02
5.468735679999999775e+02
5.242996160000000145e+02
4.698057260000000497e+02
5.385360379999999623e+02
5.584235150000000658e+02
5.140779079999999794e+02
5.255263050000000931e+02
5.007128839999999741e+02
4.744786500000000729e+02
4.713383130000000278e+02
5.046531370000000152e+02
4.837638509999999314e+02
5.698645510000000058e+02
5.256398540000000139e+02
5.294691579999999931e+02
5.439923050000001012e+02
5.131566770000000588e+02
4.956495110000000750e+02
5.575787309999999479e+02
5.010765969999999925e+02
4.797629089999999792e+02
5.397806250000001000e+02
5.349135959999999841e+02
5.526140719999999646e+02
5.121485219999999572e+02
5.648314209999999775e+02
5.445835579999999254e+02
4.859497529999999301e+02
5.334177890000000843e+02
5.190981649999999945e+02
4.820706259999999475e+02
5.202256019999999808e+02
5.315316479999999046e+02
5.159741940000000113e+02
5.189792380000000094e+02
5.765399830000000065e+02
5.152258269999999811e+02
5.384005399999999781e+02
5.231309170000000677e+02
5.006782859999999005e+02
5.284902520000000550e+02
5.215839580000000524e+02
5.854013750000000300e+02
4.816743319999999926e+02
4.932037579999999934e+02
5.236512950000001183e+02
4.959035890000000109e+02
4.811919830000000502e+02
4.687481809999999882e+02
5.776980740000000196e+02
5.236444240000000718e+02
5.551697139999999990e+02
5.171317379999999275e+02
4.890724090000000501e+02
5.467075130000000627e+02
5.451484680000000935e+02
5.338211519999999837e+02
5.351487879999999677e+02
5.446333080000000564e+02
5.259073160000000371e+02
5.351087089999999762e+02
4.903322099999999750e+02
5.075511729999999488e+02
5.323756979999999430e+02
4.544978510000000256e+02
5.649888060000000678e+02
4.985820289999999773e+02
5.136268700000000536e+02
5.274982670000000553e+02
5.029574119999999766e+02
4.693156569999999874e+02
4.832753689999999551e+02
5.306303130000000010e+02
5.182839960000000019e+02
5.213916360000000623e+02
4.853604530000000068e+02
4.732969719999999825e+02
5.242324559999999565e+02
4.868049959999999032e+02
5.165100800000000163e+02
5.330790389999999661e+02
4.449279660000000263e+02
4.835774760000000470e+02
4.786683380000000056e+02
4.921749880000000417e+02
5.033600380000000314e+02
4.514145389999999338e+02
4.706423579999999447e+02
4.952387580000000185e+02
4.884237419999999474e+02
4.639567920000000640e+02
3.892063649999999484e+02
5.140415259999999762e+02
4.892865659999999366e+02
4.588008130000000051e+02
5.304758529999999155e+02
4.043324670000000083e+02
5.308698219999999992e+02
5.216646220000000085e+02
5.103174869999999714e+02
4.937422020000000771e+02
4.816556279999999788e+02
5.015667499999999563e+02
5.366195289999999432e+02
5.142787119999999277e+02
5.222342380000000048e+02
4.614718579999999974e+02
5.315538759999999456e+02
4.707282960000000571e+02
5.131150719999999410e+02
5.351119019999999864e+02
4.662286330000000589e+02
5.300175960000000259e+02
4.899644650000000183e+02
5.374783810000000130e+02
5.352623020000000906e+02
4.925666399999998930e+02
5.078999020000000542e+02
4.868584789999999316e+02
5.142601229999999077e+02
4.928559740000000033e+02
4.830581380000000422e+02
5.236373969999999645e+02
5.774656359999999040e+02
4.984148969999999963e+02
5.288634650000000192e+02
5.113128550000000700e+02
5.630031400000000303e+02
5.325038739999999962e+02
5.337191299999999501e+02
5.078922939999999926e+02
4.609503429999999184e+02
4.425139829999999961e+02
5.216289890000000469e+02
4.638000799999999799e+02
5.052770669999999882e+02
4.685835499999999456e+02
5.318547340000000077e+02
4.478890299999999911e+02
5.318149740000000065e+02
5.072566970000000310e+02
5.024963869999999702e+02
5.119030670000000782e+02
5.005068029999999908e+02
4.827870539999999551e+02
5.096952319999999759e+02
5.189585079999999380e+02
5.399885570000000143e+02
4.921107709999999997e+02
4.661463799999999651e+02
5.235058930000000146e+02
4.808920389999999543e+02
4.242778109999999856e+02
5.319474020000000110e+02
4.997000819999999521e+02
4.997372810000000527e+02
5.182170959999999695e+02
4.969648170000000391e+02
4.983699259999999640e+02
4.298818619999999555e+02
5.446885970000000725e+02
4.403522220000000971e+02
5.154770399999999881e+02
4.578909390000000030e+02
5.247037010000000237e+02
5.131349890000000187e+02
5.393242440000000215e+02
5.196066829999999754e+02
5.595856429999998909e+02
4.821219220000000405e+02
5.267489070000000311e+02
4.907058559999999829e+02
5.467320469999999659e+02
5.534026880000000119e+02
4.783785150000000499e+02
5.607528770000000122e+02
5.070924170000000686e+02
5.054530930000000808e+02
5.186636389999999892e+02
5.079778230000000008e+02
5.885066440000000512e+02
5.594555539999998928e+02
4.717039819999999395e+02
5.403171489999999721e+02
5.316486509999999726e+02
5.254387119999998959e+02
5.380544519999999693e+02
5.210678940000000239e+02
5.030137799999999970e+02
5.072200129999999945e+02
5.267763670000000502e+02
4.750471689999999967e+02
4.980014559999999619e+02
4.916469030000000089e+02
5.232525509999999258e+02
5.059612940000000094e+02
5.252184540000000652e+02
5.428487230000000636e+02
4.908732580000000212e+02
5.128586149999998725e+02
5.143084010000000035e+02
5.088491410000000315e+02
5.189994739999999638e+02
5.278908310000000483e+02
5.174065909999999349e+02
5.680366010000000188e+02
5.460441160000000309e+02
5.046767999999999006e+02
4.982698069999999575e+02
5.129391100000000279e+02
5.056659789999999930e+02
5.444223650000000134e+02
5.671526390000000220e+02
5.158458100000000286e+02
5.433766379999999572e+02
5.223917699999999513e+02
5.209760489999998754e+02
4.949078069999999911e+02
5.379422589999999218e+02
5.366289530000000241e+02
4.957018380000000661e+02
5.091267630000000395e+02
5.639963470000000143e+02
5.033304479999999899e+02
5.248172419999999647e+02
5.136253469999999197e+02
4.802576609999999846e+02
5.337544520000000148e+02
4.163227469999999926e+02
5.067665650000000142e+02
5.191894110000000637e+02
5.094640610000000152e+02
4.882633719999999471e+02
5.091386760000000322e+02
4.535598790000000236e+02
4.973616939999999431e+02
5.086646269999999959e+02
4.954710019999999986e+02
4.446622840000000565e+02
5.377273470000000088e+02
4.931202729999999974e+02
4.897092269999999985e+02
5.372198720000000094e+02
5.277994509999999764e+02
5.465663040000000592e+02
5.250687390000000505e+02
4.588155770000000189e+02
4.674440260000000080e+02
5.053522800000000643e+02
4.860894759999999906e+02
5.593668230000000676e+02
4.359459719999999834e+02
5.150598529999999755e+02
4.708554449999999747e+02
5.388222500000000537e+02
4.531163960000000088e+02
5.440395840000001044e+02
5.158681510000000117e+02
5.319472839999999678e+02
4.875840989999999806e+02
5.470055219999999281e+02
5.800438289999999597e+02
5.288403349999999818e+02
4.497628450000000839e+02
5.035030040000000326e+02
5.341133519999999635e+02
5.832087930000000142e+02
5.212749259999999367e+02
5.575472170000000460e+02
4.657330539999999814e+02
5.255765749999999343e+02
5.133091489999999339e+02
5.705729410000000144e+02
4.556590469999999868e+02
4.285016449999999963e+02
5.156238309999999956e+02
4.861388689999999997e+02
4.685547939999999585e+02
5.192766349999999420e+02
4.776331209999999601e+02
4.486096340000000282e+02
4.720584939999999960e+02
4.679867649999999912e+02
5.086727420000000279e+02
4.749922059999999533e+02
4.830214499999999020e+02
5.107222919999999249e+02
4.785079119999999762e+02
4.760788510000000429e+02
3.957184490000000778e+02
4.903931109999999762e+02
4.538430480000000102e+02
5.338638750000000073e+02
4.824834510000000023e+02
4.673856090000000449e+02
4.181439910000000282e+02
4.678415340000000242e+02
5.140507029999999986e+02
4.166611230000000887e+02
5.207905100000000402e+02
5.111013399999999933e+02
4.545592819999999961e+02
4.989160110000000827e+02
4.963606310000000121e+02
4.694973489999999288e+02
4.788084909999999468e+02
5.338982720000001336e+02
5.232295430000000351e+02
5.066219440000000418e+02
4.739086980000000722e+02
4.474524400000000242e+02
6.201712479999999914e+02
5.310709650000000011e+02
5.565126539999999977e+02
6.018050010000000611e+02
5.073665009999999711e+02
5.430879410000000007e+02
5.138253369999998768e+02
5.091841840000000730e+02
5.361686940000000732e+02
5.089909389999999689e+02
5.219731610000000046e+02
4.576394969999999489e+02
4.017205179999999700e+02
3.989705179999999700e+02
5.186409149999999499e+02
4.981762140000000159e+02
4.130633689999999660e+02
4.071778920000000426e+02
5.183721070000000282e+02
4.539742049999999836e+02
3.809393509999999878e+02
5.111925830000000133e+02
4.387542869999999766e+02
4.528383989999999812e+02
4.781159309999999891e+02
4.841228360000000066e+02
4.562910820000000172e+02
5.543318229999999858e+02
4.185360990000000356e+02
5.013877290000000357e+02
5.030101029999999582e+02
4.298156190000000265e+02
5.280510479999999234e+02
4.729907310000000393e+02
5.120792200000000776e+02
4.299386970000000474e+02
5.038798610000000053e+02
5.164320310000000518e+02
5.476058510000000297e+02
5.739679340000000138e+02
5.032963249999999675e+02
5.618531619999999975e+02
5.480763180000000148e+02
5.400505390000000716e+02
5.575888780000000224e+02
5.083026330000000144e+02
5.210699850000000879e+02
5.601246780000000172e+02
4.857591680000000451e+02
5.175365100000000211e+02
5.512697150000000192e+02
5.212101670000000695e+02
5.559896679999999378e+02
5.721402630000000045e+02
5.118169400000001019e+02
5.580579960000000028e+02
4.978765089999999987e+02
5.339615549999999757e+02
4.856122359999999958e+02
5.067605890000000386e+02
4.729714839999999754e+02
5.227903290000000425e+02
5.146199609999999893e+02
5.249407039999999824e+02
5.242200330000000577e+02
5.254484720000000380e+02
5.470023419999999987e+02
4.882761580000000095e+02
5.119760810000000220e+02
5.360257980000000089e+02
5.269934869999999592e+02
5.455492269999999735e+02
5.235807950000000801e+02
5.815848149999999350e+02
5.445323779999999942e+02
5.797579680000001190e+02
5.032947989999999550e+02
4.917467909999999733e+02
5.105366640000000302e+02
5.483115279999999530e+02
4.851885640000000421e+02
5.354070159999999987e+02
5.209688879999999926e+02
5.279751340000000255e+02
5.131148359999999684e+02
5.468169289999999592e+02
5.114485310000000595e+02
5.242927909999999656e+02
4.943304570000000240e+02
4.640173819999999978e+02
4.384840519999999628e+02
5.545022460000001274e+02
5.080471819999999639e+02
5.392221790000000965e+02
5.471275610000000142e+02
4.868223450000000412e+02
5.247801529999999275e+02
5.223512889999999516e+02
4.914918659999999591e+02
5.394965000000000828e+02
5.114612159999999790e+02
5.153496300000000474e+02
5.292449100000000044e+02
5.667024339999999256e+02
4.870069790000000012e+02
5.388200289999999768e+02
5.900267660000000660e+02
5.459134810000000471e+02
5.085205849999999828e+02
4.708906699999999432e+02
4.962925559999999905e+02
5.027327900000000227e+02
4.789911670000000754e+02
5.301882050000000390e+02
5.235890819999999621e+02
5.190351789999999710e+02
5.071429350000000227e+02
4.925041949999999815e+02
5.057240380000000073e+02
5.436844970000000785e+02
5.186932329999998501e+02
5.094896439999999984e+02
5.512694590000000971e+02
5.038445419999999331e+02
5.543475280000000112e+02
5.245710289999999532e+02
5.643777360000000272e+02
5.178552310000000034e+02
5.595282890000000862e+02
5.180890010000000530e+02
5.212892370000000710e+02
5.034722139999999513e+02
4.792321970000000420e+02
4.970529989999999998e+02
5.174967269999999644e+02
4.747896629999999618e+02
4.845230689999999640e+02
5.335994929999999385e+02
4.841574870000000033e+02
5.246605660000000171e+02
4.236777689999999552e+02
4.808957469999999716e+02
5.353243270000000393e+02
4.998138170000000287e+02
4.987541420000000016e+02
5.212752549999999019e+02
5.579030760000000555e+02
5.359619470000000092e+02
5.188262120000000550e+02
6.060876550000000407e+02
4.906359839999998940e+02
5.658817910000000211e+02
5.073150300000000357e+02
5.217801029999999400e+02
5.090478179999999497e+02
5.238691800000000285e+02
5.297540749999999434e+02
5.253112609999999449e+02
5.475229540000000270e+02
5.441276530000000093e+02
5.583733770000000050e+02
5.423868669999999383e+02
4.390946789999999851e+02
5.126192419999999856e+02
5.094989700000000994e+02
5.533958470000000034e+02
5.370625709999999344e+02
5.365343860000000404e+02
5.257704770000000281e+02
5.586308360000000448e+02
5.292794700000000603e+02
5.042132250000000226e+02
5.217930029999998851e+02
5.000604329999999891e+02
5.268436910000000353e+02
5.325639520000000857e+02
5.290605920000000424e+02
5.404419709999999668e+02
5.529252350000000433e+02
5.185910069999999905e+02
5.020590569999999957e+02
4.894104979999999614e+02
5.011574590000000171e+02
5.269507830000000013e+02
5.307588000000000648e+02
5.590196730000000116e+02
5.077981929999999693e+02
5.549118949999999586e+02
4.940967279999999846e+02
5.602590139999999792e+02
5.435769800000000487e+02
5.350369779999999764e+02
5.100340089999999691e+02
5.462081490000000485e+02
5.601089499999999362e+02
5.110883000000000038e+02
5.019563820000000760e+02
4.766435150000000363e+02
5.126343229999999949e+02
5.033218809999999621e+02
4.908901130000000421e+02
5.241138949999999568e+02
5.244314130000000205e+02
4.543769740000000752e+02
5.362171319999999923e+02
5.458556250000000318e+02
5.450888629999999466e+02
5.310279950000000326e+02
5.380912859999999682e+02
5.191068280000000641e+02
5.065782490000000280e+02
5.373589979999999287e+02
5.409777080000000069e+02
4.982871149999999716e+02
4.473278159999999843e+02
5.116293059999999855e+02
4.934177029999999604e+02
5.079074129999999627e+02
4.915788949999999886e+02
4.649290259999999648e+02
4.861337529999999560e+02
5.542863519999999653e+02
5.069215360000000601e+02
5.159807710000000043e+02
5.489803000000000566e+02
4.377052479999999832e+02
5.235035450000000310e+02
4.930279370000000654e+02
5.140857730000000174e+02
4.871956029999999487e+02
4.750397709999999734e+02
5.054645300000000248e+02
4.803886320000000296e+02
5.162866790000000492e+02
4.980671609999999987e+02
4.807857399999999757e+02
5.068634250000000065e+02
5.005270090000000209e+02
5.050281039999999280e+02
4.801222280000000637e+02
4.991692969999999718e+02
5.169719910000000027e+02
5.523634050000000570e+02
5.061501160000000255e+02
4.821414669999999774e+02
5.234672319999999672e+02
5.491932490000000371e+02
5.304775889999999663e+02
4.924242609999998876e+02
5.001697850000000471e+02
4.556963809999999739e+02
5.320973520000000008e+02
5.662850120000000516e+02
5.330323270000000093e+02
5.207526209999999764e+02
5.347089510000000701e+02
4.777114670000000274e+02
5.537467409999999290e+02
5.467521610000000010e+02
4.929147090000000162e+02
4.846394230000000221e+02
5.233557369999999764e+02
5.297942269999999780e+02
5.000481219999999780e+02
4.586137459999999919e+02
5.452590790000000425e+02
4.880453539999999748e+02
4.872694500000000062e+02
5.428134069999999838e+02
4.811402309999999716e+02
5.148613289999999552e+02
4.749082490000000689e+02
5.044125380000000405e+02
5.449037439999999606e+02
4.836995719999999892e+02
5.150348799999999301e+02
5.629004139999999552e+02
5.189580720000000156e+02
4.391744360000000142e+02
5.097742079999999305e+02
4.595989580000000387e+02
5.005220269999999800e+02
5.373867050000000063e+02
5.433560390000000098e+02
5.188164970000000267e+02
4.820865440000000035e+02
5.170195099999999684e+02
4.962536959999999908e+02
5.258866039999999202e+02
4.952166169999999852e+02
5.570456269999999677e+02
4.996553620000000251e+02
5.186421609999999873e+02
5.269402870000000121e+02
5.136437700000000177e+02
5.271004420000000437e+02
4.986500119999999470e+02
4.910928720000000567e+02
5.115326820000000225e+02
4.805700049999999806e+02
4.954935419999999908e+02
5.291928890000000365e+02
5.278413130000000137e+02
4.456290419999999699e+02
4.540376200000000608e+02
5.529855900000001157e+02
5.203102349999999205e+02
4.528749920000000202e+02
5.561761030000000119e+02
4.423022630000000390e+02
4.875556599999999889e+02
5.285345439999999826e+02
5.127339379999999665e+02
5.107108789999999772e+02
4.712098229999999717e+02
4.785833969999999908e+02
4.392715680000000020e+02
4.525616339999999127e+02
5.071661899999999150e+02
4.228313749999999231e+02
5.026730149999999639e+02
4.836481790000000274e+02
4.963650389999999675e+02
5.199285539999999628e+02
4.944877729999999474e+02
5.415475999999999885e+02
4.840205609999999865e+02
5.354106939999999213e+02
5.191241680000000542e+02
4.971298329999999623e+02
4.949648329999999419e+02
4.869278690000000438e+02
5.217831500000000915e+02
4.907885529999999790e+02
4.475409750000000031e+02
4.226237510000000270e+02
4.837169529999999895e+02
4.956408999999999878e+02
4.941668670000000247e+02
4.744377289999999903e+02
5.522352079999999432e+02
5.251721160000000737e+02
5.019976920000000291e+02
4.766844689999999787e+02
3.900091929999999820e+02
5.316213360000000421e+02
4.887536520000000451e+02
4.626703750000000923e+02
4.201072930000000270e+02
4.540475559999999859e+02
4.712832160000000385e+02
4.679784420000000296e+02
4.660155039999999644e+02
5.154857680000000073e+02
5.125608320000000049e+02
4.844215429999999856e+02
5.185824320000000398e+02
4.682717389999999114e+02
5.164022130000000743e+02
5.184745470000000296e+02
5.273793329999999742e+02
4.293786460000000602e+02
5.133792200000000321e+02
4.935122259999999415e+02
5.572926710000000412e+02
5.063289489999999660e+02
5.818691680000000588e+02
5.312220539999999573e+02
5.475816139999999450e+02
5.457759949999999662e+02
5.090475139999999783e+02
5.127513219999999592e+02
5.343582390000000260e+02
5.462015589999999747e+02
5.366234640000000127e+02
5.371226880000000392e+02
4.608109010000000012e+02
5.132963210000000345e+02
4.730636319999999841e+02
5.294695000000000391e+02
5.288211920000001101e+02
4.870589200000000005e+02
5.300671529999999620e+02
5.087956949999999665e+02
5.194681130000000167e+02
4.724061790000000087e+02
5.303535259999999880e+02
5.156077880000000278e+02
5.391867030000000796e+02
5.549168459999999641e+02
5.223315939999999955e+02
5.450475639999999657e+02
5.619743619999999282e+02
5.400717329999999947e+02
6.087766340000000582e+02
5.138256380000000263e+02
5.098793919999999389e+02
5.902896709999999985e+02
5.463891830000000027e+02
5.261573519999999462e+02
5.630381720000000314e+02
5.158062270000000353e+02
5.381483150000000251e+02
4.972734720000000266e+02
5.297456960000000663e+02
5.359948869999999488e+02
4.889891400000000203e+02
4.840354760000000169e+02
4.543541210000000206e+02
4.538032219999999484e+02
4.843735970000000179e+02
5.252573289999999133e+02
5.403441940000000159e+02
5.123098809999999048e+02
5.766755349999999680e+02
5.033984019999999759e+02
5.090981570000000147e+02
4.750536700000000110e+02
4.907940319999999588e+02
5.264136419999999816e+02
5.107201970000000415e+02
4.535956000000000472e+02
5.389646599999999808e+02
4.879691229999999109e+02
4.932228440000000091e+02
4.913948989999999526e+02
5.030835020000000100e+02
4.312194800000000896e+02
5.050081859999999665e+02
5.002967960000000858e+02
4.839052789999999504e+02
5.356621160000000827e+02
4.815355010000000107e+02
5.134370770000000448e+02
5.235840899999999465e+02
4.402156669999999963e+02
4.597024209999999584e+02
5.145501529999999093e+02
5.067799710000000459e+02
5.379777769999999464e+02
5.090781180000000177e+02
5.092995369999999866e+02
5.186926200000000335e+02
4.677789809999999875e+02
4.687865990000000238e+02
5.210427469999999630e+02
5.372605519999999615e+02
5.251407370000000583e+02
5.144135829999999032e+02
4.377228819999999700e+02
5.235064039999999750e+02
5.540939069999999447e+02
4.340051030000000196e+02
4.861271090000000186e+02
5.302406210000000328e+02
5.431171059999999216e+02
5.000519380000000638e+02
4.792066720000000259e+02
5.138118349999999737e+02
5.377148460000000796e+02
5.186474140000000261e+02
5.246780939999999873e+02
4.226339519999999652e+02
4.965135470000000169e+02
5.030451519999999732e+02
5.478916490000000294e+02
5.658015740000000733e+02
4.666978349999999409e+02
4.442583649999999693e+02
4.988677270000000590e+02
4.958084389999999075e+02
4.488390569999999684e+02
4.429862289999999803e+02
4.585529809999999884e+02
4.551342349999999897e+02
4.248287309999999479e+02
4.616088280000000168e+02
4.784578120000000467e+02
4.804418140000000221e+02
4.332416270000000509e+02
5.172858729999999241e+02
5.076363269999999943e+02
4.874129060000000209e+02
5.023965920000000551e+02
4.197642240000000129e+02
4.850042119999999954e+02
5.052693390000000591e+02
4.081280879999999911e+02
4.678235689999999067e+02
4.783016979999999307e+02
5.193705339999999069e+02
4.158880049999999642e+02
4.530982169999999769e+02
5.028401510000000485e+02
4.362131049999999846e+02
4.756512460000000146e+02
4.705751979999999435e+02
5.545221960000000081e+02
4.749361850000000231e+02
4.152326649999999972e+02
4.510946800000000394e+02
4.507629870000000096e+02
4.591276659999999765e+02
5.039112059999999929e+02
5.252954740000000129e+02
5.397210639999999557e+02
4.699641139999999950e+02
4.878457579999999894e+02
5.390905540000001110e+02
5.025131470000000036e+02
4.457884760000000597e+02
5.053512219999999502e+02
5.889420519999999897e+02
4.943135500000000206e+02
5.231719799999999623e+02
5.197714829999999893e+02
4.980613280000000032e+02
5.573754189999999653e+02
5.002831089999999676e+02
5.298842090000000553e+02
5.657270439999999780e+02
5.532970229999999674e+02
5.127745049999999765e+02
4.438743819999999687e+02
5.533887770000000046e+02
5.055644440000000372e+02
5.773479720000000270e+02
4.772059419999999932e+02
4.906255570000000716e+02
5.084868349999999282e+02
4.648804299999999898e+02
4.922752249999999776e+02
4.789317250000000286e+02
4.874311279999999442e+02
4.580606710000000135e+02
5.226588749999999663e+02
4.020594600000000014e+02
5.386986799999999675e+02
5.186414970000000721e+02
5.033391320000000633e+02
4.865775970000000257e+02
4.306968270000000985e+02
4.812733789999999772e+02
5.085773719999999685e+02
5.308644020000000410e+02
4.944184889999999086e+02
5.267302359999999908e+02
4.534105660000000171e+02
5.097143980000000738e+02
5.590212279999999510e+02
4.445227969999999686e+02
4.607979390000000421e+02
4.722815290000000346e+02
4.840069099999999480e+02
5.008406820000000153e+02
5.295458630000000539e+02
5.254539750000000140e+02
5.456616290000000618e+02
4.431433660000000145e+02
4.255214689999999678e+02
4.797303670000000011e+02
4.974750809999999888e+02
5.020963600000000042e+02
3.869976019999999721e+02
4.227809780000000046e+02
3.991312480000000278e+02
4.494172760000000153e+02
4.897102750000000242e+02
4.972177379999999403e+02
4.255515740000000164e+02
4.659639220000000250e+02
5.132724670000000060e+02
5.156788219999999683e+02
5.005695409999999583e+02
4.351259120000000848e+02
4.628102399999999079e+02
4.637017120000000432e+02
5.103197389999999700e+02
4.795717209999999113e+02
4.546025180000000319e+02
4.731915879999999675e+02
4.484633449999999470e+02
5.184448039999999764e+02
5.079734519999999520e+02
5.367171520000000555e+02
4.467962559999999712e+02
4.744030259999999544e+02
5.313275059999999712e+02
4.539861940000000686e+02
5.020245520000000852e+02
4.846379760000000374e+02
5.301105749999999261e+02
4.588001279999999724e+02
5.116384489999999801e+02
5.426360760000000028e+02
4.694685380000000237e+02
5.304927790000000414e+02
5.336809550000000399e+02
5.287355969999999843e+02
4.695766599999999471e+02
5.028176100000000019e+02
4.342453859999999963e+02
4.784120239999999740e+02
5.274060120000000325e+02
5.282835689999999431e+02
4.972970599999999877e+02
4.714567720000000008e+02
4.763699259999999640e+02
5.313429919999998674e+02
5.018425120000000561e+02
5.136638790000000654e+02
5.204282190000000128e+02
5.547412309999999707e+02
5.681260909999999740e+02
5.186597090000000208e+02
5.309114999999999327e+02
5.198824010000000726e+02
4.324087469999999485e+02
4.749933609999999362e+02
4.782333209999999895e+02
4.592104429999999979e+02
4.712826449999999454e+02
5.209163229999999203e+02
5.127328880000000026e+02
4.770817509999999402e+02
4.914792529999999715e+02
5.387759260000000268e+02
5.184524209999999584e+02
4.771597830000000044e+02
5.099921239999999898e+02
4.067321569999999724e+02
4.910939999999999372e+02
6.073683590000000549e+02
4.079190529999999626e+02
5.160440780000000132e+02
5.418367400000000771e+02
4.866675399999999172e+02
4.919941970000000424e+02
5.354690049999999246e+02
4.436789059999999836e+02
5.477215639999999439e+02
4.704337750000000256e+02
4.983479849999999374e+02
4.948351569999999811e+02
5.034229359999999929e+02
5.046351409999999760e+02
4.037134930000000281e+02
5.130399720000000343e+02
5.077726299999999355e+02
4.885168939999999793e+02
4.762038019999999960e+02
5.092594009999999685e+02
4.636214509999999791e+02
4.730004640000000791e+02
4.857088530000000333e+02
5.220112010000000282e+02
5.255156309999999849e+02
5.502553400000000465e+02
4.855265500000000429e+02
5.410311760000000731e+02
4.262388510000000110e+02
3.849452069999999821e+02
4.769988239999999564e+02
4.502125479999999698e+02
4.425313069999999698e+02
4.885771270000000186e+02
4.862829409999999939e+02
4.648206830000000309e+02
5.177417319999999563e+02
5.051380219999999781e+02
5.026043849999999793e+02
4.719667599999999084e+02
4.671754879999999730e+02
5.026576820000000225e+02
4.564493939999999839e+02
4.338875199999999381e+02
4.094666939999999613e+02
4.908103540000000180e+02
4.644241539999999873e+02
4.951770199999999704e+02
4.397423710000000483e+02
4.797298180000000229e+02
4.370648969999999736e+02
4.342240450000000465e+02
4.708167369999999892e+02
4.836453159999999798e+02
4.797420620000000326e+02
4.768952620000000024e+02
4.750938899999999876e+02
4.707464319999999702e+02
4.960231929999999920e+02
4.629667349999999715e+02
3.866757240000000593e+02
4.530965039999999817e+02
5.280046499999999696e+02
5.021988910000000033e+02
4.607877010000000269e+02
4.677539930000000368e+02
4.960856010000000538e+02
5.373397930000000997e+02
4.504764399999999114e+02
4.606860079999999584e+02
4.912134770000000117e+02
4.360235579999999800e+02
3.535848560000000020e+02
4.929564669999999751e+02
5.246514769999999999e+02
4.819208060000000273e+02
5.368691099999999778e+02
5.470566460000000006e+02
4.947245370000000548e+02
5.148169500000000198e+02
5.190991699999999582e+02
5.387715249999999969e+02
4.431733080000000200e+02
4.734135800000000245e+02
5.174060660000000098e+02
4.972890779999999609e+02
4.829265199999999822e+02
5.003616650000000163e+02
4.288922349999999710e+02
4.750637829999999440e+02
5.178862420000000384e+02
5.156358119999999872e+02
5.002618539999999712e+02
4.576357030000000350e+02
5.618671439999999393e+02
5.269792610000000650e+02
4.706043559999999388e+02
4.777046729999999570e+02
5.040431679999999233e+02
4.809028839999999718e+02
4.394913619999999810e+02
4.738741629999999532e+02
4.510482009999999491e+02
4.099356240000000753e+02
5.142339689999998882e+02
4.979012809999999831e+02
4.852007629999999381e+02
4.636339350000000081e+02
5.281334420000000591e+02
4.580622599999999238e+02
5.198585160000000087e+02
4.370125969999999711e+02
5.086720819999999890e+02
4.901941249999999854e+02
4.277607740000000263e+02
5.051349600000000351e+02
5.208120129999999790e+02
4.177190060000000358e+02
4.507092049999999972e+02
4.735119180000000370e+02
5.028249530000000505e+02
5.240706940000000031e+02
4.768339929999999640e+02
5.222080600000000459e+02
4.382198420000000283e+02
4.495295449999999846e+02
4.373910440000000222e+02
4.994408640000000332e+02
4.558269249999999602e+02
4.873383669999999483e+02
5.095998749999999973e+02
5.151325100000000248e+02
4.436319100000000049e+02
4.473059640000000172e+02
4.454423960000000307e+02
4.962467090000000667e+02
5.330863739999999780e+02
5.056708229999999844e+02
5.498954590000000735e+02
4.803727479999999446e+02
5.154598780000000033e+02
5.036181219999999712e+02
4.890914220000000796e+02
4.945055519999999660e+02
5.285455279999999902e+02
4.938309759999999642e+02
5.401525779999999486e+02
5.642027900000000500e+02
5.025952610000000504e+02
5.095772469999999430e+02
5.464995810000000347e+02
4.950077099999999746e+02
5.125863050000000385e+02
5.200437339999999722e+02
4.974917500000000246e+02
4.784528379999999288e+02
5.050005579999999554e+02
5.174462600000000521e+02
4.713136549999999829e+02
5.521812299999999141e+02
5.254401290000000699e+02
4.605467889999999898e+02
4.470073880000000486e+02
5.059716890000000262e+02
5.174392689999999675e+02
5.104733019999999897e+02
4.092247099999999591e+02
4.673953349999999887e+02
4.624879779999999982e+02
4.723951770000000465e+02
4.603789309999999659e+02
5.105023679999999899e+02
4.952096720000000687e+02
5.074277739999999994e+02
4.571357060000000274e+02
5.176149430000000393e+02
5.166121110000000272e+02
4.689305999999999131e+02
5.113433229999999980e+02
5.302552809999999681e+02
3.742485959999999636e+02
4.854905850000000100e+02
4.463548440000000141e+02
4.845582790000000273e+02
4.957180370000000948e+02
4.924219150000000127e+02
5.506453930000000128e+02
4.519865720000000238e+02
4.753717930000000251e+02
4.623682000000000585e+02
5.164388370000000350e+02
4.475434070000000020e+02
4.664675629999999273e+02
5.434630389999999807e+02
5.331007230000001300e+02
5.392386000000000195e+02
4.997163080000000264e+02
4.774612639999999715e+02
5.150304099999999607e+02
5.272856600000000071e+02
5.024968029999999999e+02
4.556167820000000575e+02
5.228461509999999635e+02
4.479546090000000049e+02
4.845784610000000612e+02
4.296780219999999986e+02
5.137918319999999994e+02
4.475373289999999429e+02
4.748227010000000519e+02
5.322968519999999444e+02
4.911194320000000175e+02
4.503432789999999386e+02
5.346859950000000481e+02
5.351814520000000357e+02
5.007915700000000356e+02
5.406326689999999644e+02
4.639606300000000374e+02
4.999817949999999200e+02
4.880981950000000325e+02
4.458381190000000061e+02
4.780333839999999554e+02
4.421750669999999559e+02
5.223490659999999934e+02
4.185065160000000333e+02
4.513720329999999876e+02
4.813752380000000244e+02
5.277518969999999854e+02
5.154746380000000272e+02
4.830820309999999722e+02
5.397508619999999837e+02
4.746522709999999847e+02
4.690203750000000014e+02
4.474307390000000169e+02
4.888620839999999816e+02
4.235725699999999847e+02
4.648736769999999865e+02
5.096829589999999826e+02
4.943668320000000449e+02
5.309667039999999361e+02
4.786615130000000136e+02
5.168736999999999853e+02
5.214005849999999782e+02
4.675747500000000514e+02
4.677324239999999804e+02
4.441602440000000342e+02
4.435538219999999683e+02
5.121656739999999672e+02
4.447452890000000139e+02
4.750940099999999120e+02
4.946885360000000560e+02
4.348109820000000241e+02
5.075007160000000113e+02
4.770615009999999643e+02
4.411186550000000466e+02
4.988437399999999116e+02
5.066824030000000221e+02
5.405043490000000475e+02
5.134500780000000759e+02
4.977802709999999706e+02
4.479123539999999934e+02
4.760141549999999597e+02
4.549046010000000138e+02
4.410228540000000521e+02
5.877547369999999773e+02
4.808679329999999936e+02
5.660564170000000104e+02
5.598874479999999494e+02
5.350785630000000310e+02
5.636775619999999662e+02
4.829201430000000528e+02
4.433391740000000141e+02
4.967686400000000617e+02
4.853079709999999523e+02
5.498240550000000439e+02
4.704411839999999643e+02
5.063200869999999441e+02
4.933976820000000316e+02
4.324204249999999661e+02
5.113185419999999795e+02
4.869847540000000095e+02
5.601616569999998774e+02
5.156899570000000494e+02
5.306030220000000099e+02
4.468903829999999289e+02
4.128235950000000116e+02
4.085748070000000780e+02
5.212454339999999320e+02
4.729347740000000044e+02
5.280929750000000240e+02
4.895200410000000488e+02
4.399806159999999409e+02
5.175560249999999769e+02
4.555985700000000520e+02
4.494102470000000267e+02
4.172916240000000130e+02
5.110763680000000022e+02
4.888777739999999312e+02
4.880043029999999931e+02
4.259892709999999738e+02
4.774303869999999961e+02
5.308621640000000070e+02
5.082042390000000296e+02
5.085560539999999037e+02
5.435397460000000365e+02
5.057605800000000045e+02
5.636503389999999172e+02
5.344197719999999663e+02
5.050574990000000639e+02
5.397092749999999342e+02
5.128311049999999796e+02
5.083259349999999586e+02
5.076607349999999315e+02
5.027389290000000415e+02
5.215117209999999659e+02
4.778650549999999271e+02
5.307157809999999927e+02
5.317756679999999960e+02
5.316341380000000072e+02
5.396283109999999397e+02
4.463314550000000054e+02
4.951462499999998954e+02
5.094868449999999598e+02
4.834246669999999995e+02
5.330104469999998855e+02
5.431383419999999660e+02
5.052773880000000304e+02
5.363143089999999802e+02
4.907064830000000484e+02
5.309885059999999157e+02
5.742542369999999892e+02
4.361467150000000288e+02
4.586375559999999609e+02
5.049335740000000214e+02
4.199915709999999649e+02
4.903905300000000125e+02
4.422509270000001038e+02
4.072579709999999977e+02
4.408810799999999972e+02
4.193976720000000000e+02
4.684688060000000291e+02
4.565335139999999683e+02
4.653052979999999934e+02
5.290845970000000307e+02
4.788013660000000300e+02
4.262675219999999854e+02
4.692456209999999714e+02
5.022213060000000269e+02
4.715830030000000193e+02
5.671136239999999589e+02
5.129927400000000262e+02
4.892941420000000221e+02
5.247855090000000473e+02
4.749044880000000717e+02
4.488037429999999972e+02
5.413612789999999677e+02
4.311457740000000172e+02
5.212541999999999689e+02
4.545133510000000001e+02
4.851163660000000277e+02
4.533261430000000018e+02
5.074467049999999517e+02
4.467985230000001025e+02
4.314822560000000067e+02
4.761658919999999284e+02
4.122638069999999857e+02
4.146973659999999882e+02
4.086914129999999545e+02
5.121329470000000583e+02
4.866613419999998769e+02
5.379167270000000372e+02
4.285833999999999833e+02
4.613489019999999527e+02
4.306406350000000316e+02
5.043053770000000782e+02
4.415935900000000629e+02
5.045140790000000379e+02
4.087865759999999682e+02
4.733812100000000669e+02
4.983060940000000869e+02
5.187401099999999587e+02
4.619372590000000400e+02
5.120579310000000532e+02
4.807352159999999799e+02
4.776989760000000160e+02
4.550490640000000440e+02
5.496241049999999859e+02
4.484082460000000196e+02
4.098625780000000418e+02
3.833511459999999715e+02
4.871469740000000002e+02
4.056734320000000480e+02
4.622745180000000005e+02
4.051224440000000300e+02
3.624187050000000454e+02
4.619134910000000218e+02
4.999975670000000036e+02
4.459992070000000126e+02
3.926690720000000283e+02
4.932352969999999459e+02
4.181997900000000641e+02
4.677731430000000046e+02
6.040627310000000989e+02
5.393418010000000322e+02
5.368613410000000385e+02
4.966319229999999152e+02
5.426881670000000213e+02
4.776809620000000223e+02
5.304590419999999540e+02
5.152351560000000745e+02
5.347368390000000318e+02
5.021100559999999291e+02
5.129469020000000228e+02
5.316020759999998972e+02
5.503448469999999588e+02
5.429316619999999602e+02
4.954511590000000183e+02
5.091580859999999689e+02
4.880029269999999997e+02
4.647506869999999708e+02
5.127124310000000378e+02
4.509878500000000372e+02
4.741819790000000125e+02
4.996216200000000072e+02
5.109462599999999952e+02
5.090659010000000535e+02
5.602320469999999659e+02
4.797542280000000119e+02
5.237293200000000297e+02
4.952455929999999853e+02
5.099518260000000964e+02
4.843385919999999487e+02
3.594547139999999672e+02
5.306603239999999460e+02
4.940620500000001130e+02
5.267953370000000177e+02
5.134158270000000357e+02
5.005424290000000269e+02
5.602258170000000064e+02
5.173049340000000029e+02
4.669380080000000248e+02
4.501681929999999738e+02
4.402167840000000751e+02
4.959796580000000290e+02
4.920864339999999970e+02
4.924786809999999946e+02
5.034107229999999618e+02
4.352135419999999613e+02
4.392706020000000535e+02
5.017533759999999461e+02
5.382561439999999493e+02
5.323579540000000634e+02
4.991208229999999730e+02
4.715664889999999332e+02
4.868512799999999743e+02
4.847295009999999706e+02
4.900902810000000045e+02
5.300073690000000397e+02
5.023526269999999840e+02
4.556446450000000823e+02
4.979586810000000696e+02
4.942952099999999973e+02
4.805028340000000071e+02
5.075549680000000308e+02
4.718704219999999623e+02
5.183181110000000444e+02
5.224707230000000209e+02
5.259087269999999990e+02
4.981214329999999677e+02
5.178305980000000091e+02
4.746454969999999776e+02
5.073333340000000362e+02
5.126190079999998943e+02
4.510625250000000506e+02
4.349710430000000088e+02
4.997042710000000056e+02
5.029876010000000406e+02
5.006719520000000330e+02
4.505804880000000026e+02
5.073006040000000212e+02
4.782611370000000761e+02
4.690885539999999310e+02
4.790802380000000085e+02
5.296421050000000150e+02
5.283039870000000064e+02
5.735805220000000872e+02
4.502804529999999659e+02
5.326271770000000743e+02
4.204005520000000615e+02
4.889884819999999763e+02
4.944913410000000340e+02
4.877097049999999854e+02
6.212966739999999390e+02
5.149960170000000517e+02
5.028257580000000644e+02
4.724119870000000105e+02
4.898922730000000456e+02
4.626891339999999673e+02
5.171476010000001224e+02
5.070664400000000001e+02
4.899154210000000376e+02
5.321776250000000346e+02
4.925249840000000177e+02
4.876231680000000779e+02
5.315344099999999798e+02
5.581688179999999875e+02
5.261038680000000340e+02
4.564550080000000207e+02
4.965706079999999361e+02
4.623611629999999764e+02
4.925405589999999734e+02
5.208470389999999952e+02
4.544336050000000000e+02
5.213817549999999983e+02
5.190676419999999780e+02
5.654635410000000775e+02
4.921616119999999341e+02
5.191023500000000013e+02
5.166370050000000447e+02
4.851454199999999446e+02
4.555373010000000136e+02
4.376022649999999885e+02
4.841092999999999620e+02
4.904047809999999572e+02
5.228687869999999975e+02
4.828606229999999186e+02
4.334768179999999802e+02
4.251548629999999775e+02
4.346362430000000359e+02
4.544431950000000029e+02
5.386221079999999120e+02
5.125167380000000321e+02
5.002079329999999118e+02
5.078688560000000507e+02
4.928965690000000563e+02
5.130373970000000554e+02
5.008061770000000479e+02
4.891350519999999733e+02
4.541637769999999819e+02
4.941134040000000596e+02
5.062055939999999055e+02
5.089289480000000481e+02
4.383838419999999587e+02
4.972485919999999737e+02
5.123515869999999950e+02
5.288217009999999618e+02
4.572980860000000121e+02
4.907116489999999658e+02
5.337382780000000366e+02
4.770436139999999909e+02
4.761320610000000215e+02
6.061446289999998953e+02
4.841186270000000036e+02
5.208955899999999701e+02
4.632541780000000244e+02
5.493198620000000574e+02
5.479084819999999354e+02
5.106289560000000733e+02
5.210323009999999613e+02
5.284622759999999744e+02
5.219745110000001205e+02
5.051066799999999830e+02
4.751961340000000291e+02
4.878595109999999977e+02
5.195763340000000881e+02
4.999813390000000481e+02
5.181948649999999361e+02
4.001711920000000191e+02
4.699823900000000094e+02
5.084851869999999963e+02
5.144856619999999339e+02
5.588361320000000205e+02
4.906709439999999631e+02
5.264353859999999941e+02
4.129804210000000353e+02
4.420490990000000124e+02
5.223061470000000099e+02
5.199457120000000714e+02
5.265355089999999336e+02
4.741736409999999751e+02
4.690136009999999374e+02
4.904052320000000122e+02
4.441142780000000130e+02
4.971567739999999844e+02
4.685750720000000342e+02
4.900522349999999960e+02
4.848206540000000473e+02
4.671299989999999980e+02
5.010501590000000078e+02
4.725283409999999549e+02
5.603845059999999876e+02
5.334318160000000262e+02
5.318387820000000374e+02
5.186582799999999907e+02
5.467266139999999268e+02
4.589650830000000497e+02
4.676746309999999767e+02
4.984750090000000000e+02
4.727172369999999546e+02
3.954975220000000036e+02
4.827285769999999729e+02
4.536861410000000774e+02
5.374605110000001105e+02
4.731477419999999938e+02
4.714043050000000790e+02
4.567561739999999872e+02
4.009321219999999926e+02
4.678958370000000286e+02
4.825300609999999892e+02
4.015423030000000040e+02
5.063023929999999950e+02
4.986418650000000525e+02
5.451314540000000761e+02
3.958075190000000703e+02
4.852200489999999604e+02
5.237276990000000296e+02
5.157719080000000531e+02
5.181019079999999803e+02
5.656350529999999708e+02
5.174510259999999562e+02
5.052658940000000030e+02
5.028625790000000961e+02
4.730433389999999463e+02
5.111881769999999960e+02
4.517245259999999689e+02
4.090322039999999788e+02
4.891679030000000239e+02
5.140224240000000009e+02
5.403222829999999703e+02
5.089181540000000723e+02
4.948436149999999998e+02
4.696457940000000235e+02
5.735400740000000042e+02
4.975892489999999952e+02
5.241857129999999643e+02
5.304344419999999900e+02
4.427438549999999964e+02
4.698377490000000307e+02
5.044321969999999737e+02
4.438978609999999776e+02
4.425217039999999997e+02
4.295764049999999656e+02
5.118320199999999431e+02
5.175046360000000050e+02
5.062499670000000265e+02
4.061524679999999989e+02
4.536934350000000222e+02
4.615317320000000336e+02
5.372254900000000362e+02
5.110840529999999262e+02
4.844413670000000707e+02
4.674056359999999586e+02
4.704256980000000112e+02
4.475724289999999428e+02
5.461816440000000057e+02
4.457171569999999861e+02
5.220329330000000709e+02
5.036633550000000241e+02
4.954993729999999914e+02
5.538198719999999184e+02
4.668263089999999806e+02
4.981326579999999922e+02
4.666588419999999928e+02
4.688681129999999939e+02
4.241323800000000119e+02
4.813041449999999486e+02
5.112775659999999789e+02
5.055759709999999814e+02
5.665035219999999754e+02
5.483834369999999581e+02
5.156775679999999511e+02
4.647279269999999656e+02
4.468138569999999845e+02
4.940871880000000260e+02
5.091375740000000292e+02
5.392197169999999460e+02
5.509440950000000612e+02
5.056378099999999449e+02
4.741566320000000587e+02
5.196087320000000318e+02
5.349231630000000450e+02
5.230355650000000196e+02
4.776308499999999526e+02
4.862206959999999754e+02
5.195048259999999800e+02
4.592887660000000096e+02
4.761007309999999961e+02
5.197591939999999795e+02
5.109813850000000457e+02
5.066655650000000151e+02
4.957564689999999246e+02
4.932738820000000715e+02
4.669932249999999954e+02
4.328309629999999970e+02
4.348378810000000385e+02
4.719369260000000281e+02
4.502731820000000198e+02
4.597563180000000216e+02
4.667310100000000261e+02
4.462837470000000053e+02
5.175785290000000032e+02
4.558744729999999095e+02
4.567647880000000100e+02
4.553560179999999491e+02
5.013097919999999590e+02
4.863128360000000043e+02
4.609588430000000017e+02
4.960460180000000605e+02
5.246142489999999725e+02
4.725049579999999878e+02
5.299059379999999919e+02
4.856395730000000412e+02
4.769001120000000356e+02
5.061473559999999452e+02
4.608612699999999904e+02
5.257150689999999713e+02
4.917551020000000221e+02
4.125224449999999479e+02
4.708357390000000464e+02
4.269270659999999680e+02
4.596264630000000579e+02
4.589352569999999787e+02
3.995571250000000418e+02
3.948517359999999599e+02
4.928839969999999653e+02
4.425897960000000921e+02
4.297233390000000099e+02
4.840716049999999768e+02
4.320869220000000723e+02
4.862104259999999840e+02
5.013246000000000322e+02
4.762718300000000227e+02
4.563350110000000655e+02
4.662205400000000282e+02
4.442550580000000195e+02
4.300248390000000427e+02
4.584655099999999948e+02
4.633512549999999237e+02
5.439019749999999931e+02
4.887677059999999756e+02
5.146247399999999743e+02
4.606370029999999929e+02
5.025500389999999697e+02
4.636222840000000929e+02
4.281557310000000030e+02
5.253662409999999454e+02
4.639491069999999127e+02
5.099334300000000439e+02
5.546835949999999684e+02
5.280758719999998902e+02
5.121066809999999805e+02
5.109506509999999935e+02
5.405940429999999424e+02
5.369859470000000101e+02
5.082225770000000011e+02
5.404732410000000300e+02
5.212472490000000107e+02
4.161294720000000211e+02
3.945075950000000375e+02
4.657672530000000393e+02
4.118933450000000107e+02
4.179600649999999291e+02
5.349168319999999994e+02
5.105093859999999495e+02
5.028764709999999809e+02
5.020548630000000117e+02
4.735874119999999721e+02
5.207396939999999859e+02
4.550581919999999627e+02
4.928116050000000428e+02
4.539108909999999923e+02
4.804601450000000114e+02
5.188753209999999854e+02
5.050523179999999570e+02
4.743060350000000085e+02
5.293482280000000628e+02
5.366582329999999956e+02
4.543115540000000578e+02
5.074789069999999356e+02
5.736298070000000280e+02
5.209810830000000124e+02
5.007516810000000191e+02
4.777453270000000316e+02
4.744567279999999982e+02
5.103018230000000131e+02
5.383149869999999737e+02
5.180494700000000421e+02
5.142954570000000558e+02
4.284758199999999988e+02
4.385660369999999944e+02
4.706853529999999637e+02
5.222805079999999407e+02
4.229792360000000144e+02
5.117497010000000159e+02
4.397621319999999514e+02
4.664323419999999487e+02
4.564270619999999781e+02
4.936594869999998991e+02
4.721204220000000191e+02
5.332076809999999796e+02
4.989600829999999974e+02
5.190173409999999876e+02
4.773385449999999537e+02
4.863505219999999554e+02
4.784999859999999785e+02
4.714100650000000314e+02
5.658403289999998833e+02
5.395801850000000286e+02
5.033798520000000281e+02
5.172094660000000204e+02
3.987856720000000337e+02
4.261222700000000145e+02
5.398061340000000428e+02
5.282584020000000464e+02
4.665349140000000148e+02
4.384820670000000291e+02
4.425208650000000148e+02
4.966319109999999455e+02
5.056472750000000360e+02
5.423092060000000174e+02
4.258441309999999476e+02
4.820185250000000110e+02
5.113536219999999730e+02
3.788233159999999771e+02
5.508089820000000145e+02
5.207110689999999522e+02
5.187584950000000390e+02
4.476882259999999860e+02
5.299326259999999138e+02
5.150681520000000546e+02
4.933582189999999628e+02
4.980915950000000407e+02
5.126510769999999866e+02
5.036014930000000049e+02
5.213424440000000004e+02
5.125889560000000529e+02
4.893628539999999703e+02
5.379057799999999361e+02
5.362641679999999269e+02
5.187500870000000077e+02
5.252636009999999942e+02
5.462910650000000032e+02
5.474544989999999416e+02
5.341058710000000929e+02
4.607810589999999706e+02
5.004143219999999701e+02
4.893971539999999436e+02
4.733021560000000250e+02
5.266268220000000611e+02
4.460876599999999712e+02
5.184333340000000589e+02
5.339300200000000132e+02
4.525296839999999747e+02
5.333082299999998668e+02
5.201944989999999507e+02
6.121696889999999485e+02
5.239698210000000245e+02
5.274366120000000819e+02
5.425813099999999167e+02
4.919358659999999759e+02
4.347228260000000546e+02
5.587204890000000432e+02
5.724410960000000159e+02
4.939514810000000580e+02
4.691124210000000403e+02
4.692548519999999712e+02
4.978750069999999823e+02
5.446873879999999417e+02
4.820309950000000185e+02
4.500588579999999865e+02
5.092557189999999991e+02
4.987370019999999613e+02
4.917275179999999750e+02
5.151876700000000255e+02
4.926167260000000283e+02
4.448639780000000314e+02
4.780566460000000575e+02
4.167015289999999936e+02
4.773961329999999634e+02
4.799734970000000089e+02
4.453806100000000470e+02
5.051521970000000010e+02
5.061774100000000089e+02
5.473633190000000468e+02
4.946874340000000529e+02
5.563017989999999600e+02
4.472322939999999676e+02
4.855873050000000148e+02
5.111416579999999499e+02
5.364644210000000157e+02
5.389858189999999922e+02
5.124146940000000541e+02
5.412576140000001033e+02
4.707795339999999555e+02
4.234551539999999932e+02
4.570925879999999779e+02
4.747062789999999950e+02
5.324672249999999849e+02
5.377253450000000612e+02
5.285981769999999642e+02
4.970290229999999383e+02
4.373551739999999199e+02
5.090956939999999804e+02
5.566528429999999616e+02
5.383916690000000926e+02
5.502706429999999500e+02
4.875663279999999986e+02
4.538358139999999707e+02
4.935681399999999712e+02
5.279460900000000265e+02
5.187448799999999665e+02
5.320202309999999670e+02
4.418729640000000245e+02
5.022477150000000279e+02
4.615919659999999567e+02
4.758583110000000147e+02
5.547489170000000058e+02
5.306067010000000437e+02
5.224821319999999787e+02
5.451334919999999329e+02
4.891452079999999683e+02
5.034050730000000158e+02
5.246546289999999999e+02
4.639513350000000287e+02
5.170127889999999979e+02
5.144167229999999336e+02
5.372476649999999836e+02
4.687554190000000176e+02
5.146259380000000192e+02
5.313053039999999783e+02
5.109540459999999484e+02
5.198911769999999706e+02
5.112291300000000547e+02
5.565824750000000449e+02
4.877083839999999668e+02
4.756032449999999585e+02
4.670733759999999961e+02
4.655279079999999681e+02
4.256560450000000060e+02
5.013073469999999361e+02
5.305363899999999830e+02
5.194125900000000229e+02
5.213376499999999396e+02
4.571029070000000161e+02
5.148183379999999261e+02
4.477245810000000006e+02
4.216539419999999723e+02
4.637344989999999711e+02
5.173806950000000597e+02
4.958435910000000035e+02
5.046394109999999955e+02
5.509209839999999758e+02
4.477228709999999978e+02
4.388437250000000631e+02
4.150508659999999850e+02
4.482808699999999931e+02
5.036990040000000590e+02
5.326696960000000445e+02
4.682484510000000455e+02
5.369020269999999755e+02
5.264176929999999857e+02
5.226617790000000241e+02
5.311810490000000300e+02
5.271244130000000041e+02
4.966341000000000463e+02
5.154180010000000038e+02
5.674305150000000140e+02
5.126872900000000755e+02
4.691385059999999498e+02
5.463949020000000019e+02
5.373150700000001052e+02
4.950060560000000009e+02
5.675068569999998545e+02
4.982148400000000379e+02
4.641965379999999755e+02
5.742021349999999984e+02
5.253494360000000825e+02
5.150405580000000327e+02
4.782637149999999338e+02
4.878967030000000591e+02
5.089124789999999621e+02
4.598565829999999437e+02
4.857827619999999911e+02
4.799773959999999988e+02
4.878830410000000484e+02
5.060966590000000451e+02
4.621675829999999792e+02
4.241614360000000374e+02
4.351594649999999547e+02
5.192371090000000322e+02
4.820135259999999562e+02
5.228064110000000255e+02
5.124960999999999558e+02
4.712245599999999968e+02
5.138800710000000436e+02
4.861167389999999955e+02
4.532872350000000665e+02
4.442520670000000109e+02
5.519612710000000106e+02
5.094725919999999064e+02
4.320888330000000224e+02
5.026137119999999641e+02
4.787988079999999513e+02
5.014794339999999693e+02
5.170595150000000331e+02
4.337309079999999994e+02
4.959536080000000311e+02
5.484181639999999334e+02
5.464736459999999170e+02
5.428511770000000070e+02
5.537184140000000525e+02
5.160738179999999602e+02
5.508326100000000451e+02
4.417778640000000223e+02
5.024987720000000309e+02
4.522588159999999675e+02
4.462737469999999007e+02
4.465024070000000620e+02
4.734863619999999855e+02
4.750611529999999902e+02
4.296006990000000201e+02
4.315143610000000081e+02
4.781460489999999481e+02
4.294205230000000029e+02
4.299694739999999911e+02
5.213860050000000683e+02
4.140564259999999308e+02
4.182674549999999272e+02
4.838470829999999978e+02
5.228012150000000702e+02
5.053887879999999768e+02
4.489827290000000062e+02
4.745849289999999314e+02
4.922145259999999780e+02
5.132013210000000072e+02
4.880191930000000298e+02
4.491161869999999681e+02
4.686872630000000299e+02
4.384204560000000015e+02
5.012035759999999982e+02
5.565236049999999750e+02
4.696422550000000342e+02
4.244677580000000034e+02
4.652584850000000074e+02
4.501378399999999829e+02
4.833089669999999956e+02
5.972431349999999384e+02
4.701474729999999909e+02
4.664059809999999402e+02
5.360154489999999896e+02
5.170743129999999610e+02
4.443518729999999550e+02
4.557138930000000414e+02
4.934063040000000910e+02
5.030180639999999812e+02
5.240906810000000178e+02
5.375012329999999565e+02
5.508486779999999499e+02
4.489517049999999472e+02
5.186672239999999192e+02
5.466015009999999847e+02
5.137127020000000357e+02
5.522382250000000568e+02
5.045860620000000836e+02
5.589579089999999724e+02
4.407569720000000189e+02
4.975484490000000051e+02
4.780386410000000410e+02
5.205261439999999311e+02
4.175099299999999971e+02
4.429056799999999612e+02
4.437073300000000700e+02
4.853838049999999953e+02
4.402167309999999247e+02
4.732408360000000016e+02
4.733559620000000336e+02
5.084078570000000354e+02
4.533711020000000076e+02
4.940077509999999847e+02
4.149641239999999698e+02
4.915983760000000302e+02
4.418834329999999682e+02
4.862236169999999333e+02
5.052395449999999073e+02
4.248827949999999873e+02
5.069830859999999575e+02
5.188130180000000564e+02
4.606832359999999653e+02
5.174475570000000744e+02
4.562984000000000151e+02
5.425356460000000425e+02
4.968934239999999818e+02
5.261122249999999667e+02
4.940569829999999456e+02
5.240219119999999293e+02
5.327906819999999470e+02
5.207356500000000779e+02
5.522247389999999996e+02
4.890401370000000156e+02
4.527942380000000639e+02
4.242623489999999720e+02
4.631702089999999998e+02
5.265779189999999517e+02
5.593806250000000091e+02
5.004493189999999458e+02
5.004243290000000002e+02
5.461333930000000692e+02
5.248117059999999583e+02
5.046373530000000187e+02
4.927825879999999756e+02
5.050951140000000805e+02
4.463381039999999302e+02
5.094120739999999614e+02
4.971041519999999991e+02
5.251007779999999912e+02
5.356863939999999502e+02
5.118697750000000042e+02
5.140714500000000271e+02
5.625166240000000926e+02
5.166848379999998997e+02
5.189777739999999540e+02
4.962262609999999654e+02
5.119100450000000251e+02
5.198182950000000346e+02
5.336441580000000613e+02
4.951278160000000526e+02
5.554330570000000762e+02
4.679453670000000329e+02
5.255471430000000055e+02
5.860845130000000154e+02
5.226129510000000664e+02
5.246460809999999810e+02
4.398897880000000100e+02
4.740879579999999578e+02
4.695677469999999403e+02
4.970596189999999979e+02
4.707636569999999665e+02
4.140186070000000313e+02
4.526255280000000312e+02
4.743308680000000095e+02
3.924425650000000587e+02
5.132152849999999944e+02
4.975904160000000047e+02
5.507764329999999973e+02
5.025228349999999864e+02
4.445154630000000111e+02
4.671938939999999434e+02
4.126551430000000096e+02
5.155672790000000987e+02
5.087042370000000346e+02
5.148965689999999995e+02
5.084316860000000133e+02
4.912704339999999092e+02
5.027814219999999636e+02
4.771611730000000193e+02
5.039444579999999974e+02
4.346465629999999578e+02
4.614616430000000378e+02
4.786464179999999828e+02
5.232668290000000297e+02
5.049100140000000465e+02
5.114065699999999310e+02
4.604705959999999436e+02
4.815225429999999847e+02
5.223239250000000311e+02
5.633257340000000113e+02
4.696760310000000231e+02
4.079528040000000146e+02
4.999785099999999716e+02
5.463739590000000135e+02
4.939079229999999825e+02
4.980352859999999851e+02
4.810501269999999749e+02
5.060375220000000240e+02
4.367098719999999616e+02
5.464585549999999330e+02
4.867357900000000654e+02
5.354128329999999778e+02
4.925527170000000297e+02
5.181896100000000160e+02
5.168239100000000690e+02
5.019892159999999421e+02
4.420797650000000090e+02
4.844683029999999917e+02
4.580968809999999394e+02
5.254692979999999807e+02
4.836671850000000745e+02
4.791574059999999804e+02
5.022345010000000229e+02
5.359133279999999786e+02
5.154011510000000271e+02
5.458114229999999907e+02
5.021659120000000485e+02
5.192644970000000058e+02
4.936900689999999940e+02
4.866028449999999452e+02
3.553662410000000023e+02
5.199106110000000172e+02
5.720459649999999101e+02
4.560322670000000471e+02
4.829848700000000008e+02
4.235963920000000371e+02
4.809709129999999391e+02
5.418892550000000483e+02
5.006276060000000143e+02
4.971447939999999903e+02
5.263863760000000411e+02
4.873322369999999637e+02
5.342513910000000124e+02
5.103623830000000225e+02
5.339968639999999596e+02
4.945305439999999635e+02
5.446736880000000838e+02
5.242225949999999557e+02
4.825278389999999717e+02
5.044561490000000390e+02
5.114986299999999915e+02
4.978088380000000370e+02
5.510215560000000323e+02
4.746046599999999671e+02
5.570035579999999982e+02
5.000754749999999262e+02
5.280978489999999965e+02
4.919726360000000227e+02
5.038772690000000125e+02
4.808965870000000109e+02
4.630617369999999937e+02
5.681532240000000229e+02
5.378104369999999790e+02
5.175647860000000264e+02
5.162077449999999317e+02
4.786069299999999771e+02
4.988859749999999735e+02
4.708250769999999648e+02
4.742300770000000512e+02
4.712997179999999844e+02
4.533750499999999874e+02
4.807508980000000065e+02
5.082898879999999622e+02
5.403209750000000895e+02
4.705652129999999715e+02
4.405982389999999782e+02
5.066158830000000535e+02
4.802327300000000037e+02
5.341825939999999946e+02
5.557312409999999545e+02
4.939159449999999651e+02
5.625261379999999463e+02
4.762874029999999834e+02
4.746499949999999899e+02
5.106818550000000414e+02
5.048942680000000109e+02
5.106581560000000195e+02
5.133753989999999021e+02
5.187844460000000026e+02
5.958668869999999060e+02
5.334987280000000283e+02
5.502507729999999810e+02
4.826955110000000104e+02
4.653620409999999765e+02
5.070695340000000328e+02
4.573105759999999691e+02
4.481192219999999793e+02
4.941601459999999406e+02
5.064717580000000225e+02
4.284944690000000378e+02
4.949224100000000135e+02
4.539178240000000528e+02
4.351682779999999298e+02
3.979537399999999820e+02
4.312116240000000289e+02
4.521343990000000304e+02
5.010785319999999388e+02
4.350226230000000669e+02
4.729087150000000292e+02
5.385270340000000715e+02
5.136763779999999997e+02
5.127911330000000589e+02
4.970955349999999271e+02
4.903108419999999796e+02
5.064697499999999764e+02
5.112364180000000147e+02
4.488661429999999655e+02
4.897807000000000244e+02
5.102747650000000021e+02
5.211593789999999444e+02
5.097501870000000395e+02
4.729296080000000302e+02
4.213445629999999937e+02
5.079932310000000939e+02
5.124234609999999748e+02
4.785508360000000607e+02
4.985244299999999384e+02
4.435254109999999628e+02
5.573322129999999106e+02
5.599556139999999687e+02
4.651650119999999902e+02
4.875392999999999120e+02
4.673193820000000755e+02
5.598572079999999005e+02
4.857514100000000212e+02
5.536254519999999957e+02
5.486737550000000283e+02
5.241437349999999924e+02
4.647198510000000624e+02
4.906764489999999910e+02
4.845302279999999655e+02
4.952019769999999426e+02
5.238537280000000464e+02
4.593268899999999917e+02
4.762964539999999829e+02
4.535150370000000635e+02
4.926910250000000246e+02
4.841548549999999409e+02
5.069284020000000055e+02
6.143923290000000179e+02
4.461204610000000343e+02
5.433331719999999905e+02
5.330889110000000528e+02
5.147242519999999786e+02
5.049785439999999994e+02
4.523396970000000010e+02
5.422900930000000699e+02
5.360267680000000610e+02
5.168414489999998978e+02
5.197012670000000298e+02
4.475605500000000347e+02
5.299366609999999582e+02
4.857819829999999683e+02
5.601942159999999831e+02
4.591775960000000509e+02
4.517674010000000067e+02
5.499860450000001038e+02
4.847722779999999148e+02
4.986655800000000340e+02
5.057428949999999759e+02
4.642845290000000205e+02
4.820485460000000444e+02
4.619823299999999904e+02
4.627373710000000528e+02
5.066783119999999485e+02
4.763472629999999981e+02
3.971331959999999981e+02
4.238829539999999838e+02
4.446944189999999821e+02
4.700101369999999861e+02
4.729904710000000136e+02
4.550717390000000364e+02
4.882293869999999743e+02
5.323240899999999556e+02
5.506603139999999712e+02
5.511364249999999174e+02
4.272914989999999875e+02
5.066913900000000126e+02
5.124460769999999457e+02
5.460214330000000018e+02
5.483077260000000024e+02
5.300646080000000211e+02
4.247316779999999881e+02
4.729544169999999781e+02
5.055489769999999794e+02
5.439111349999999447e+02
5.052875769999999989e+02
4.800117890000000216e+02
4.405651580000000536e+02
4.992884860000000344e+02
5.129238689999999679e+02
4.859753879999999526e+02
4.994157019999999534e+02
4.601480859999999780e+02
5.249761039999999639e+02
4.759142620000000079e+02
4.776749559999999519e+02
4.828846819999999980e+02
4.933071969999999737e+02
4.752741050000000769e+02
5.743712849999999435e+02
5.774020639999999958e+02
5.402514750000000276e+02
5.311945389999999634e+02
4.872996679999999969e+02
5.183647059999999556e+02
4.593292679999999564e+02
4.884021649999999681e+02
4.478442550000000324e+02
4.668388939999999820e+02
5.233558360000000675e+02
4.998303310000000010e+02
5.024896159999999554e+02
5.192954629999999270e+02
4.844794070000000374e+02
5.020495999999999981e+02
4.373916459999999802e+02
5.014012320000000500e+02
4.204138879999999290e+02
5.121833199999999806e+02
5.306111159999999245e+02
5.018381650000000036e+02
4.874775200000000268e+02
4.243627720000000068e+02
5.040227230000000418e+02
3.911403470000000198e+02
4.494933949999999641e+02
4.982996759999999767e+02
4.625365479999999820e+02
4.782247679999999832e+02
4.616701680000000465e+02
4.350410759999999755e+02
4.945897369999999569e+02
5.334010499999999411e+02
4.896355250000000296e+02
4.989992039999999633e+02
4.738569809999999620e+02
5.041021650000000136e+02
5.365032479999999850e+02
5.038149300000000039e+02
4.989900959999999941e+02
4.997217629999999531e+02
5.042808180000000107e+02
4.940576909999999771e+02
5.293512109999999211e+02
5.154491470000000390e+02
4.994525530000000231e+02
5.637533189999999195e+02
4.938678750000000264e+02
5.324833370000000059e+02
4.223739620000000059e+02
4.702264400000000251e+02
5.165078280000000177e+02
5.330902200000000448e+02
4.472281169999999975e+02
4.878065010000000257e+02
4.855470760000000041e+02
4.938603590000000167e+02
5.226953819999999951e+02
5.034832690000000071e+02
4.958037430000000541e+02
4.866287140000000591e+02
5.671529910000000427e+02
3.939821899999999459e+02
5.278795770000000402e+02
4.395322370000000660e+02
5.216383879999999635e+02
5.159492759999999407e+02
5.309273309999999810e+02
5.241086129999999912e+02
5.063394059999999968e+02
4.701491420000000403e+02
4.048272319999999809e+02
5.339398910000001024e+02
5.328525859999999739e+02
5.232811999999998989e+02
4.185009579999999687e+02
5.696320080000000416e+02
4.777000469999999837e+02
5.582652269999999817e+02
5.450351179999998976e+02
5.369925789999999779e+02
4.166026390000000106e+02
4.203008270000000266e+02
4.798540759999999636e+02
4.185441589999999792e+02
4.170321219999999585e+02
4.688677359999999226e+02
4.339897440000000302e+02
4.391283020000000192e+02
3.993023819999999660e+02
4.461275759999999764e+02
4.225165240000000608e+02
3.890200610000000552e+02
4.446081880000000410e+02
4.290674730000000068e+02
4.921322559999999839e+02
5.160193030000000363e+02
5.244717069999999239e+02
5.259463480000000573e+02
4.918832150000000638e+02
4.445455449999999473e+02
5.302123980000000074e+02
4.413397889999999393e+02
4.976115240000000313e+02
5.317802060000000210e+02
5.651707670000000689e+02
5.359923609999999599e+02
5.134581640000000107e+02
4.960333800000000224e+02
5.315592350000000579e+02
4.620214749999999526e+02
4.247117079999999874e+02
4.874535320000000524e+02
4.810085619999999835e+02
4.831539220000000228e+02
5.230760060000000067e+02
4.831474370000000249e+02
5.464231260000000248e+02
4.946084290000000010e+02
4.427667799999999829e+02
4.889960339999999519e+02
4.871952179999999544e+02
4.700757510000000821e+02
5.353696499999999787e+02
5.091267070000000103e+02
5.225524599999999964e+02
5.358904660000000604e+02
5.190775290000000268e+02
5.321002190000000382e+02
4.906407070000000203e+02
5.007099809999999707e+02
5.115187320000000000e+02
5.301589989999999943e+02
4.916400270000000319e+02
5.218716090000000349e+02
4.722691939999999704e+02
5.386781340000000000e+02
4.665804169999999544e+02
4.910672569999999268e+02
5.121458530000001019e+02
4.386889940000000934e+02
5.064691840000000411e+02
4.970347790000000714e+02
4.969143090000001166e+02
4.803520410000000425e+02
4.721564800000000446e+02
5.087514080000000263e+02
5.354564259999999649e+02
5.057623420000000465e+02
5.114405419999999367e+02
5.143735439999999244e+02
5.002458380000000489e+02
4.599174430000000484e+02
5.032763200000000552e+02
4.745584289999999328e+02
5.152568929999999909e+02
5.119797910000000343e+02
4.887073029999999676e+02
4.720621779999999603e+02
5.096756260000000225e+02
5.645883059999999887e+02
5.515879419999998845e+02
5.297629429999999502e+02
5.688970939999999246e+02
5.528377800000000661e+02
5.642378760000000284e+02
5.757154539999999088e+02
5.324687820000000329e+02
5.528294280000000072e+02
4.959711640000000443e+02
4.617619249999999624e+02
5.221524090000000342e+02
5.504685410000000729e+02
5.470214720000000170e+02
5.738574529999999640e+02
5.287947079999999005e+02
5.240771130000000539e+02
5.291192360000000008e+02
4.773415239999999926e+02
5.251407619999999952e+02
5.837536809999999150e+02
5.067006230000000073e+02
4.618770380000000273e+02
5.132748500000000149e+02
5.564382550000000265e+02
5.332344360000000734e+02
5.069841720000000578e+02
5.150362569999999778e+02
5.189810919999999896e+02
5.757890259999999216e+02
5.827091580000000022e+02
4.426459789999999543e+02
4.635541779999999790e+02
4.848875370000000089e+02
5.572277760000000626e+02
5.116792820000000006e+02
4.642237410000000182e+02
4.866063970000000722e+02
5.302685940000001210e+02
5.333753030000000308e+02
5.588123560000000225e+02
4.970203089999999975e+02
4.745441459999999552e+02
5.136479460000000472e+02
5.330778830000000426e+02
5.038681300000000647e+02
5.107678989999999999e+02
5.398919099999999389e+02
5.000223270000000184e+02
4.378151159999999891e+02
4.626646850000000200e+02
5.290289400000000342e+02
5.122906880000000456e+02
5.113641059999999925e+02
5.096884460000000558e+02
5.310712710000000243e+02
5.139380599999999504e+02
4.982154079999999681e+02
5.407778420000000779e+02
5.042444209999999885e+02
5.307753829999999198e+02
4.930698419999999942e+02
5.183927790000000186e+02
5.667515000000000782e+02
4.590821479999999610e+02
4.576726799999999571e+02
4.812564730000000282e+02
4.691859329999999773e+02
4.957852829999999926e+02
5.174489909999999782e+02
4.840027800000000298e+02
5.323057790000000296e+02
5.104820470000000228e+02
5.009048509999999510e+02
5.501367730000000620e+02
4.971853430000000458e+02
5.227336399999999230e+02
4.406264930000000390e+02
5.131346280000000206e+02
5.372287330000000338e+02
5.387592560000000503e+02
5.098134329999999750e+02
4.534022270000000390e+02
4.433919179999999756e+02
4.485051770000000033e+02
5.498175799999999072e+02
5.051624910000000455e+02
5.129078169999999091e+02
5.334079779999999573e+02
5.052201230000000578e+02
4.918999900000000025e+02
5.620386260000000220e+02
5.259769129999999677e+02
5.085647730000000593e+02
5.159349780000000010e+02
5.714672459999999319e+02
5.020266140000000519e+02
5.075903690000000097e+02
5.061392169999999737e+02
4.723196469999999181e+02
5.218625180000000228e+02
5.153491930000000139e+02
5.356010400000000118e+02
4.913033990000000131e+02
4.677044130000000450e+02
4.577523110000000202e+02
4.812705639999999789e+02
5.594015879999999470e+02
5.068531649999999900e+02
5.278564000000000078e+02
5.291889879999999948e+02
5.353518860000000359e+02
4.761072409999999877e+02
4.819588789999999676e+02
5.242293090000000575e+02
4.724984939999999938e+02
5.308529019999999718e+02
5.200523070000000416e+02
4.259772400000000516e+02
4.893473510000000033e+02
4.334124530000000277e+02
4.672776749999999879e+02
4.751914400000000001e+02
4.405210229999999569e+02
5.194343639999999596e+02
5.371611149999999952e+02
5.579761399999999867e+02
5.165547270000000708e+02
4.534985330000000090e+02
4.900780080000000112e+02
5.023546629999999595e+02
5.009486429999999473e+02
5.257704240000000482e+02
4.989951449999999795e+02
4.254310059999999680e+02
5.182705140000000483e+02
4.990823849999999311e+02
5.327860739999999851e+02
5.548517539999999144e+02
4.994583699999999453e+02
5.632629860000000690e+02
5.570674410000000307e+02
5.097836819999999989e+02
4.823065069999999537e+02
5.067791730000000143e+02
5.424126780000000281e+02
5.347511250000000018e+02
4.542530980000000227e+02
4.830628399999999942e+02
5.017439229999999952e+02
5.285411080000000084e+02
5.252769879999999603e+02
4.788513040000000274e+02
5.344436630000000150e+02
4.955988559999999552e+02
5.325472750000000133e+02
5.065733410000000276e+02
4.448890509999999381e+02
5.137248989999999367e+02
4.944166950000000611e+02
4.527587779999999498e+02
4.968527709999999615e+02
4.914138669999999820e+02
4.943084380000000237e+02
5.189421300000000201e+02
5.186002509999999575e+02
5.333212270000000217e+02
5.134492050000000063e+02
5.225680959999999686e+02
4.877247219999999288e+02
4.682918309999999451e+02
5.305880330000001095e+02
5.266144919999999274e+02
5.166861059999999952e+02
5.046270090000000437e+02
4.897605270000000246e+02
4.806696839999999611e+02
4.607833019999999919e+02
5.450555450000000519e+02
4.631817449999999781e+02
5.153233810000000403e+02
5.234779859999999871e+02
5.316963670000000093e+02
5.056306220000000167e+02
4.799038160000000062e+02
5.108737330000000156e+02
4.852582879999999932e+02
5.257126889999999548e+02
4.785874509999999873e+02
5.235940650000000005e+02
5.332020790000000261e+02
5.151843830000000253e+02
4.759469469999999660e+02
4.047020290000000386e+02
4.793321469999999636e+02
5.238423789999999372e+02
4.832619269999999574e+02
4.963161489999999958e+02
4.931472410000000650e+02
4.722345840000000408e+02
4.350004570000000399e+02
4.730248700000000781e+02
3.989168640000000323e+02
5.080796990000000051e+02
4.893710630000000492e+02
4.673917569999999841e+02
4.805549789999999462e+02
4.797268859999999222e+02
4.311965910000000690e+02
5.070113400000000752e+02
4.130520360000000437e+02
4.373888939999999934e+02
5.031655850000000783e+02
4.544450840000000653e+02
4.528094710000000305e+02
4.475837690000000748e+02
4.467355719999999906e+02
5.028882250000000909e+02
4.820909980000000132e+02
5.682542470000000776e+02
5.170781709999999975e+02
4.050306160000000659e+02
4.896531480000000442e+02
5.524236140000000432e+02
5.326981469999999490e+02
5.146132690000000593e+02
4.111278090000000702e+02
4.826745710000000145e+02
4.810136390000000119e+02
4.929624869999999532e+02
5.061788559999999961e+02
5.142606740000001082e+02
5.257715390000000752e+02
4.852562839999999369e+02
4.299288909999999078e+02
4.820536510000000021e+02
5.424923690000000533e+02
5.147342560000000731e+02
5.057226939999999900e+02
5.144825109999999313e+02
4.389609769999999571e+02
4.729435059999999567e+02
4.836692079999999692e+02
5.405518080000000509e+02
5.293411160000000564e+02
4.190997129999999515e+02
4.568063760000000570e+02
4.801727020000000152e+02
4.644610720000000015e+02
5.222292310000000271e+02
4.591148059999999873e+02
4.878947830000000181e+02
5.158881589999999733e+02
4.526866869999999494e+02
5.467967139999999517e+02
4.600505370000000198e+02
4.591853399999999397e+02
5.268730639999999994e+02
4.764602830000000608e+02
5.234620310000000245e+02
4.997482680000000528e+02
4.920502549999999928e+02
5.215265199999998913e+02
4.327526980000000094e+02
4.593119259999999713e+02
5.058546690000000012e+02
5.392918460000000778e+02
4.077530579999998963e+02
5.157441579999999703e+02
5.379467449999999644e+02
5.519179699999999684e+02
5.168684640000000172e+02
5.336741400000000795e+02
4.681482359999999971e+02
4.525310340000000338e+02
5.303373870000000352e+02
4.475688329999999837e+02
4.491516430000000923e+02
4.852703349999999887e+02
4.424447779999999852e+02
4.759165169999999421e+02
4.249519879999999716e+02
5.403630060000000412e+02
5.346985479999999598e+02
4.714942020000000298e+02
4.702743930000000319e+02
4.524233040000000301e+02
4.571704920000000243e+02
5.118018280000000004e+02
5.399909620000000814e+02
4.616512890000000198e+02
4.786509450000000925e+02
5.525399009999999862e+02
4.780931870000000004e+02
5.123657999999999220e+02
5.574788979999999583e+02
5.375654990000000453e+02
5.252104590000000144e+02
5.173256549999999834e+02
5.138542710000000397e+02
5.417504099999999880e+02
5.197718820000000051e+02
5.180378710000001092e+02
4.420029949999999417e+02
4.036594230000000039e+02
5.198153369999999995e+02
5.072049489999999423e+02
4.565719120000000544e+02
5.095909220000000346e+02
4.457837309999999889e+02
4.960003259999999727e+02
4.112153429999999616e+02
4.575073529999999664e+02
4.356766900000000078e+02
4.457354300000000080e+02
4.719384919999999966e+02
4.015801780000000463e+02
4.784530020000000832e+02
4.293687499999999773e+02
4.812679519999999229e+02
4.381005770000000439e+02
5.028789189999999962e+02
4.753610029999999824e+02
5.454926439999999275e+02
4.866501969999999346e+02
4.430554259999999545e+02
5.163537289999999302e+02
5.297103720000000067e+02
5.078754420000000209e+02
4.938475649999999177e+02
5.115618910000000028e+02
5.546449479999999994e+02
5.311416560000000118e+02
5.143702630000000227e+02
5.312263169999999946e+02
5.311667969999999741e+02
5.428565369999998893e+02
4.908497389999999996e+02
5.040188850000000684e+02
4.958732439999999428e+02
5.411587950000000546e+02
5.212848020000000133e+02
5.102462710000000357e+02
4.948740560000000528e+02
4.828716810000000237e+02
5.197506639999999152e+02
4.625901450000000068e+02
5.463580339999999751e+02
4.505111660000000029e+02
5.495136159999999563e+02
4.887505760000000237e+02
5.138581090000000131e+02
4.921581429999999955e+02
4.878400429999999801e+02
5.609360119999998915e+02
5.253627149999999801e+02
5.130074190000000272e+02
5.301494669999999587e+02
5.114141860000000293e+02
4.338438590000000090e+02
5.152361470000000736e+02
5.902244980000000396e+02
5.151958639999999150e+02
4.805303989999999885e+02
4.497030950000000189e+02
4.198781389999999760e+02
4.701024669999999901e+02
4.483712069999999699e+02
4.934656439999999407e+02
4.384494619999999827e+02
5.001829349999999863e+02
5.236804399999999760e+02
4.773106940000000122e+02
4.665802639999999428e+02
5.004441419999999425e+02
4.699668679999999767e+02
