  0.0000 0.0700 0.0750 0.0100 0.0050 0.2650 0.5750 
  0.0601 0.0722 0.0714 0.0100 0.0094 0.2620 0.5751 
  0.1201 0.0721 0.0714 0.0100 0.0094 0.2620 0.5752 
  0.1802 0.0721 0.0713 0.0100 0.0094 0.2620 0.5753 
  0.2402 0.0720 0.0713 0.0100 0.0094 0.2619 0.5754 
  0.3003 0.0720 0.0713 0.0100 0.0094 0.2619 0.5754 
  0.3604 0.0721 0.0712 0.0100 0.0094 0.2618 0.5755 
  0.4204 0.0720 0.0713 0.0100 0.0094 0.2618 0.5756 
  0.4805 0.0720 0.0713 0.0100 0.0094 0.2617 0.5757 
  0.5405 0.0721 0.0712 0.0100 0.0094 0.2617 0.5757 
  0.6006 0.0719 0.0713 0.0100 0.0093 0.2617 0.5758 
  0.6607 0.0719 0.0712 0.0100 0.0093 0.2616 0.5758 
  0.7207 0.0720 0.0711 0.0100 0.0094 0.2616 0.5759 
  0.7808 0.0719 0.0713 0.0100 0.0093 0.2615 0.5759 
  0.8408 0.0720 0.0712 0.0100 0.0093 0.2615 0.5760 
  0.9009 0.0720 0.0712 0.0100 0.0093 0.2615 0.5760 
  0.9610 0.0718 0.0713 0.0100 0.0093 0.2615 0.5761 
  1.0210 0.0720 0.0711 0.0100 0.0093 0.2614 0.5761 
  1.0811 0.0719 0.0712 0.0100 0.0093 0.2614 0.5762 
  1.1411 0.0719 0.0712 0.0100 0.0093 0.2614 0.5762 
  1.2012 0.0719 0.0712 0.0100 0.0093 0.2613 0.5762 
  1.2613 0.0719 0.0711 0.0100 0.0093 0.2613 0.5763 
  1.3213 0.0718 0.0712 0.0100 0.0093 0.2613 0.5763 
  1.3814 0.0720 0.0711 0.0100 0.0093 0.2613 0.5763 
  1.4414 0.0719 0.0711 0.0100 0.0093 0.2613 0.5764 
  1.5015 0.0718 0.0712 0.0100 0.0093 0.2612 0.5764 
  1.5616 0.0719 0.0711 0.0100 0.0093 0.2612 0.5764 
  1.6216 0.0719 0.0711 0.0100 0.0093 0.2612 0.5765 
  1.6817 0.0718 0.0712 0.0100 0.0093 0.2612 0.5765 
  1.7417 0.0719 0.0711 0.0100 0.0093 0.2612 0.5765 
  1.8018 0.0718 0.0712 0.0100 0.0093 0.2612 0.5765 
  1.8619 0.0719 0.0711 0.0100 0.0093 0.2611 0.5765 
  1.9219 0.0719 0.0710 0.0100 0.0093 0.2611 0.5766 
  1.9820 0.0718 0.0712 0.0100 0.0093 0.2611 0.5766 
  2.0420 0.0718 0.0711 0.0100 0.0093 0.2611 0.5766 
  2.1021 0.0719 0.0711 0.0100 0.0093 0.2611 0.5766 
  2.1622 0.0718 0.0711 0.0100 0.0093 0.2611 0.5766 
  2.2222 0.0718 0.0711 0.0100 0.0093 0.2611 0.5767 
  2.2823 0.0719 0.0711 0.0100 0.0093 0.2611 0.5767 
  2.3423 0.0718 0.0711 0.0100 0.0093 0.2610 0.5767 
  2.4024 0.0718 0.0711 0.0100 0.0093 0.2610 0.5767 
  2.4625 0.0719 0.0710 0.0100 0.0093 0.2610 0.5767 
  2.5225 0.0718 0.0711 0.0100 0.0093 0.2610 0.5767 
  2.5826 0.0719 0.0710 0.0100 0.0093 0.2610 0.5767 
  2.6426 0.0718 0.0711 0.0100 0.0093 0.2610 0.5767 
  2.7027 0.0718 0.0712 0.0100 0.0093 0.2610 0.5768 
  2.7628 0.0718 0.0711 0.0100 0.0093 0.2610 0.5768 
  2.8228 0.0719 0.0710 0.0100 0.0093 0.2610 0.5768 
  2.8829 0.0718 0.0712 0.0100 0.0093 0.2610 0.5768 
  2.9429 0.0719 0.0710 0.0100 0.0093 0.2610 0.5768 
  3.0030 0.0718 0.0711 0.0100 0.0093 0.2610 0.5768 
  3.0631 0.0718 0.0711 0.0100 0.0093 0.2610 0.5768 
  3.1231 0.0719 0.0710 0.0100 0.0093 0.2610 0.5768 
  3.1832 0.0717 0.0712 0.0100 0.0093 0.2610 0.5768 
  3.2432 0.0718 0.0711 0.0100 0.0093 0.2609 0.5768 
  3.3033 0.0718 0.0710 0.0100 0.0093 0.2609 0.5768 
  3.3634 0.0718 0.0711 0.0100 0.0093 0.2609 0.5768 
  3.4234 0.0718 0.0711 0.0100 0.0093 0.2609 0.5769 
  3.4835 0.0719 0.0710 0.0100 0.0093 0.2609 0.5769 
  3.5435 0.0718 0.0711 0.0100 0.0093 0.2609 0.5769 
  3.6036 0.0718 0.0711 0.0100 0.0093 0.2609 0.5769 
  3.6637 0.0719 0.0710 0.0100 0.0093 0.2609 0.5769 
  3.7237 0.0718 0.0711 0.0100 0.0093 0.2609 0.5769 
  3.7838 0.0718 0.0710 0.0100 0.0093 0.2609 0.5769 
  3.8438 0.0718 0.0711 0.0100 0.0093 0.2609 0.5769 
  3.9039 0.0717 0.0712 0.0100 0.0093 0.2609 0.5769 
  3.9640 0.0719 0.0710 0.0100 0.0093 0.2609 0.5769 
  4.0240 0.0719 0.0710 0.0100 0.0093 0.2609 0.5769 
  4.0841 0.0717 0.0712 0.0100 0.0093 0.2609 0.5769 
  4.1441 0.0718 0.0710 0.0100 0.0093 0.2609 0.5769 
  4.2042 0.0718 0.0711 0.0100 0.0093 0.2609 0.5769 
  4.2643 0.0718 0.0711 0.0100 0.0093 0.2609 0.5769 
  4.3243 0.0718 0.0710 0.0100 0.0093 0.2609 0.5769 
  4.3844 0.0718 0.0710 0.0100 0.0093 0.2609 0.5769 
  4.4444 0.0718 0.0711 0.0100 0.0093 0.2609 0.5769 
  4.5045 0.0718 0.0710 0.0100 0.0093 0.2609 0.5769 
  4.5646 0.0718 0.0710 0.0100 0.0093 0.2609 0.5769 
  4.6246 0.0718 0.0711 0.0100 0.0093 0.2609 0.5769 
  4.6847 0.0719 0.0710 0.0100 0.0093 0.2609 0.5769 
  4.7447 0.0717 0.0711 0.0100 0.0093 0.2609 0.5769 
  4.8048 0.0718 0.0711 0.0100 0.0093 0.2609 0.5769 
  4.8649 0.0718 0.0710 0.0100 0.0093 0.2609 0.5769 
  4.9249 0.0718 0.0711 0.0100 0.0093 0.2609 0.5769 
  4.9850 0.0718 0.0710 0.0100 0.0093 0.2609 0.5769 
  5.0450 0.0718 0.0710 0.0100 0.0093 0.2609 0.5769 
  5.1051 0.0717 0.0711 0.0100 0.0093 0.2609 0.5769 
  5.1652 0.0718 0.0711 0.0100 0.0093 0.2609 0.5769 
  5.2252 0.0718 0.0710 0.0100 0.0093 0.2609 0.5769 
  5.2853 0.0717 0.0712 0.0100 0.0093 0.2609 0.5769 
  5.3453 0.0718 0.0710 0.0100 0.0093 0.2609 0.5769 
  5.4054 0.0718 0.0710 0.0100 0.0093 0.2609 0.5769 
  5.4655 0.0718 0.0711 0.0100 0.0093 0.2609 0.5769 
  5.5255 0.0718 0.0710 0.0100 0.0093 0.2609 0.5769 
  5.5856 0.0718 0.0710 0.0100 0.0093 0.2609 0.5770 
  5.6456 0.0718 0.0711 0.0100 0.0093 0.2609 0.5770 
  5.7057 0.0718 0.0710 0.0100 0.0093 0.2609 0.5770 
  5.7658 0.0718 0.0710 0.0100 0.0093 0.2609 0.5770 
  5.8258 0.0718 0.0711 0.0100 0.0093 0.2609 0.5770 
  5.8859 0.0719 0.0710 0.0100 0.0093 0.2609 0.5770 
  5.9459 0.0717 0.0711 0.0100 0.0093 0.2609 0.5770 
  6.0060 0.0718 0.0711 0.0100 0.0093 0.2609 0.5770 
  6.0661 0.0719 0.0709 0.0100 0.0093 0.2609 0.5770 
  6.1261 0.0718 0.0711 0.0100 0.0093 0.2609 0.5770 
  6.1862 0.0718 0.0711 0.0100 0.0093 0.2609 0.5770 
  6.2462 0.0718 0.0710 0.0100 0.0093 0.2609 0.5770 
  6.3063 0.0718 0.0711 0.0100 0.0093 0.2609 0.5770 
  6.3664 0.0718 0.0711 0.0100 0.0093 0.2609 0.5770 
  6.4264 0.0718 0.0710 0.0100 0.0093 0.2609 0.5770 
  6.4865 0.0718 0.0711 0.0100 0.0093 0.2609 0.5770 
  6.5465 0.0718 0.0710 0.0100 0.0093 0.2609 0.5770 
  6.6066 0.0718 0.0710 0.0100 0.0093 0.2609 0.5770 
  6.6667 0.0718 0.0711 0.0100 0.0093 0.2609 0.5770 
  6.7267 0.0718 0.0710 0.0100 0.0093 0.2609 0.5770 
  6.7868 0.0719 0.0710 0.0100 0.0093 0.2609 0.5770 
  6.8468 0.0717 0.0711 0.0100 0.0093 0.2609 0.5770 
  6.9069 0.0718 0.0710 0.0100 0.0093 0.2609 0.5770 
  6.9670 0.0718 0.0710 0.0100 0.0093 0.2609 0.5770 
  7.0270 0.0718 0.0711 0.0100 0.0093 0.2609 0.5770 
  7.0871 0.0719 0.0710 0.0100 0.0093 0.2609 0.5770 
  7.1471 0.0718 0.0711 0.0100 0.0093 0.2609 0.5770 
  7.2072 0.0718 0.0711 0.0100 0.0093 0.2609 0.5770 
  7.2673 0.0718 0.0710 0.0100 0.0093 0.2609 0.5770 
  7.3273 0.0717 0.0711 0.0100 0.0093 0.2609 0.5770 
  7.3874 0.0718 0.0711 0.0100 0.0093 0.2609 0.5770 
  7.4474 0.0718 0.0710 0.0100 0.0093 0.2609 0.5770 
  7.5075 0.0718 0.0711 0.0100 0.0093 0.2609 0.5770 
  7.5676 0.0718 0.0711 0.0100 0.0093 0.2609 0.5770 
  7.6276 0.0718 0.0710 0.0100 0.0093 0.2609 0.5770 
  7.6877 0.0718 0.0711 0.0100 0.0093 0.2609 0.5770 
  7.7477 0.0718 0.0711 0.0100 0.0093 0.2609 0.5770 
  7.8078 0.0718 0.0710 0.0100 0.0093 0.2609 0.5770 
  7.8679 0.0718 0.0711 0.0100 0.0093 0.2609 0.5770 
  7.9279 0.0718 0.0711 0.0100 0.0093 0.2609 0.5770 
  7.9880 0.0719 0.0710 0.0100 0.0093 0.2609 0.5770 
  8.0480 0.0717 0.0712 0.0100 0.0093 0.2609 0.5770 
  8.1081 0.0718 0.0710 0.0100 0.0093 0.2609 0.5770 
  8.1682 0.0718 0.0711 0.0100 0.0093 0.2609 0.5770 
  8.2282 0.0717 0.0712 0.0100 0.0093 0.2609 0.5770 
  8.2883 0.0719 0.0710 0.0100 0.0093 0.2609 0.5770 
  8.3483 0.0718 0.0711 0.0100 0.0093 0.2609 0.5770 
  8.4084 0.0717 0.0711 0.0100 0.0093 0.2609 0.5770 
  8.4685 0.0718 0.0710 0.0100 0.0093 0.2609 0.5770 
  8.5285 0.0718 0.0710 0.0100 0.0093 0.2609 0.5770 
  8.5886 0.0718 0.0711 0.0100 0.0093 0.2609 0.5770 
  8.6486 0.0718 0.0710 0.0100 0.0093 0.2609 0.5770 
  8.7087 0.0718 0.0711 0.0100 0.0093 0.2609 0.5770 
  8.7688 0.0718 0.0711 0.0100 0.0093 0.2609 0.5770 
  8.8288 0.0718 0.0710 0.0100 0.0093 0.2609 0.5770 
  8.8889 0.0718 0.0711 0.0100 0.0093 0.2609 0.5770 
  8.9489 0.0718 0.0711 0.0100 0.0093 0.2609 0.5770 
  9.0090 0.0719 0.0710 0.0100 0.0093 0.2609 0.5770 
  9.0691 0.0718 0.0711 0.0100 0.0093 0.2609 0.5770 
  9.1291 0.0718 0.0711 0.0100 0.0093 0.2609 0.5770 
  9.1892 0.0719 0.0710 0.0100 0.0093 0.2609 0.5770 
  9.2492 0.0717 0.0712 0.0100 0.0093 0.2609 0.5770 
  9.3093 0.0718 0.0710 0.0100 0.0093 0.2609 0.5770 
  9.3694 0.0718 0.0710 0.0100 0.0093 0.2609 0.5770 
  9.4294 0.0717 0.0711 0.0100 0.0093 0.2609 0.5770 
  9.4895 0.0719 0.0710 0.0100 0.0093 0.2609 0.5770 
  9.5495 0.0718 0.0711 0.0100 0.0093 0.2609 0.5770 
  9.6096 0.0717 0.0711 0.0100 0.0093 0.2609 0.5770 
  9.6697 0.0718 0.0710 0.0100 0.0093 0.2609 0.5770 
  9.7297 0.0718 0.0710 0.0100 0.0093 0.2609 0.5770 
  9.7898 0.0717 0.0711 0.0100 0.0093 0.2609 0.5770 
  9.8498 0.0718 0.0710 0.0100 0.0093 0.2609 0.5770 
  9.9099 0.0718 0.0711 0.0100 0.0093 0.2609 0.5770 
  9.9700 0.0718 0.0711 0.0100 0.0093 0.2609 0.5770 
 10.0300 0.0718 0.0710 0.0100 0.0093 0.2609 0.5770 
 10.0901 0.0718 0.0710 0.0100 0.0093 0.2609 0.5770 
 10.1502 0.0718 0.0711 0.0100 0.0093 0.2609 0.5770 
 10.2102 0.0718 0.0710 0.0100 0.0093 0.2609 0.5770 
 10.2703 0.0717 0.0712 0.0100 0.0093 0.2609 0.5770 
 10.3303 0.0718 0.0710 0.0100 0.0093 0.2609 0.5770 
 10.3904 0.0719 0.0710 0.0100 0.0093 0.2609 0.5770 
 10.4505 0.0717 0.0712 0.0100 0.0093 0.2609 0.5770 
 10.5105 0.0718 0.0711 0.0100 0.0093 0.2609 0.5770 
 10.5706 0.0718 0.0710 0.0100 0.0093 0.2609 0.5770 
 10.6306 0.0718 0.0711 0.0100 0.0093 0.2609 0.5770 
 10.6907 0.0718 0.0710 0.0100 0.0093 0.2609 0.5770 
 10.7508 0.0718 0.0711 0.0100 0.0093 0.2609 0.5770 
 10.8108 0.0717 0.0711 0.0100 0.0093 0.2609 0.5770 
 10.8709 0.0718 0.0710 0.0100 0.0093 0.2609 0.5770 
 10.9309 0.0718 0.0710 0.0100 0.0093 0.2609 0.5770 
 10.9910 0.0717 0.0711 0.0100 0.0093 0.2609 0.5770 
 11.0511 0.0719 0.0710 0.0100 0.0093 0.2609 0.5770 
 11.1111 0.0718 0.0711 0.0100 0.0093 0.2609 0.5770 
 11.1712 0.0717 0.0711 0.0100 0.0093 0.2609 0.5770 
 11.2312 0.0718 0.0710 0.0100 0.0093 0.2609 0.5770 
 11.2913 0.0718 0.0710 0.0100 0.0093 0.2609 0.5770 
 11.3514 0.0717 0.0711 0.0100 0.0093 0.2609 0.5770 
 11.4114 0.0718 0.0710 0.0100 0.0093 0.2609 0.5770 
 11.4715 0.0718 0.0711 0.0100 0.0093 0.2609 0.5770 
 11.5315 0.0718 0.0711 0.0100 0.0093 0.2609 0.5770 
 11.5916 0.0719 0.0710 0.0100 0.0093 0.2609 0.5770 
 11.6517 0.0717 0.0711 0.0100 0.0093 0.2609 0.5770 
 11.7117 0.0718 0.0711 0.0100 0.0093 0.2609 0.5770 
 11.7718 0.0718 0.0710 0.0100 0.0093 0.2609 0.5770 
 11.8318 0.0718 0.0711 0.0100 0.0093 0.2609 0.5770 
 11.8919 0.0718 0.0711 0.0100 0.0093 0.2609 0.5770 
 11.9520 0.0718 0.0710 0.0100 0.0093 0.2609 0.5770 
 12.0120 0.0717 0.0711 0.0100 0.0093 0.2609 0.5770 
 12.0721 0.0718 0.0711 0.0100 0.0093 0.2609 0.5770 
 12.1321 0.0718 0.0710 0.0100 0.0093 0.2609 0.5770 
 12.1922 0.0718 0.0711 0.0100 0.0093 0.2609 0.5770 
 12.2523 0.0718 0.0710 0.0100 0.0093 0.2609 0.5770 
 12.3123 0.0718 0.0711 0.0100 0.0093 0.2609 0.5770 
 12.3724 0.0717 0.0711 0.0100 0.0093 0.2609 0.5770 
 12.4324 0.0719 0.0710 0.0100 0.0093 0.2609 0.5770 
 12.4925 0.0718 0.0710 0.0100 0.0093 0.2609 0.5770 
 12.5526 0.0717 0.0711 0.0100 0.0093 0.2609 0.5770 
 12.6126 0.0718 0.0710 0.0100 0.0093 0.2609 0.5770 
 12.6727 0.0718 0.0711 0.0100 0.0093 0.2609 0.5770 
 12.7327 0.0718 0.0711 0.0100 0.0093 0.2609 0.5770 
 12.7928 0.0718 0.0710 0.0100 0.0093 0.2609 0.5770 
 12.8529 0.0717 0.0711 0.0100 0.0093 0.2609 0.5770 
 12.9129 0.0718 0.0711 0.0100 0.0093 0.2609 0.5770 
 12.9730 0.0718 0.0710 0.0100 0.0093 0.2609 0.5770 
 13.0330 0.0718 0.0710 0.0100 0.0093 0.2609 0.5770 
 13.0931 0.0718 0.0711 0.0100 0.0093 0.2609 0.5770 
 13.1532 0.0719 0.0710 0.0100 0.0093 0.2609 0.5770 
 13.2132 0.0717 0.0711 0.0100 0.0093 0.2609 0.5770 
 13.2733 0.0718 0.0711 0.0100 0.0093 0.2609 0.5770 
 13.3333 0.0718 0.0710 0.0100 0.0093 0.2609 0.5770 
 13.3934 0.0718 0.0711 0.0100 0.0093 0.2609 0.5770 
 13.4535 0.0718 0.0710 0.0100 0.0093 0.2609 0.5770 
 13.5135 0.0718 0.0710 0.0100 0.0093 0.2609 0.5770 
 13.5736 0.0717 0.0711 0.0100 0.0093 0.2609 0.5770 
 13.6336 0.0718 0.0710 0.0100 0.0093 0.2609 0.5770 
 13.6937 0.0718 0.0711 0.0100 0.0093 0.2609 0.5770 
 13.7538 0.0717 0.0712 0.0100 0.0093 0.2609 0.5770 
 13.8138 0.0718 0.0710 0.0100 0.0093 0.2609 0.5770 
 13.8739 0.0718 0.0710 0.0100 0.0093 0.2609 0.5770 
 13.9339 0.0718 0.0711 0.0100 0.0093 0.2609 0.5770 
 13.9940 0.0718 0.0710 0.0100 0.0093 0.2609 0.5770 
 14.0541 0.0718 0.0710 0.0100 0.0093 0.2609 0.5770 
 14.1141 0.0718 0.0711 0.0100 0.0093 0.2609 0.5770 
 14.1742 0.0718 0.0710 0.0100 0.0093 0.2609 0.5770 
 14.2342 0.0718 0.0710 0.0100 0.0093 0.2609 0.5770 
 14.2943 0.0718 0.0711 0.0100 0.0093 0.2609 0.5770 
 14.3544 0.0719 0.0710 0.0100 0.0093 0.2609 0.5770 
 14.4144 0.0717 0.0711 0.0100 0.0093 0.2609 0.5770 
 14.4745 0.0718 0.0710 0.0100 0.0093 0.2609 0.5770 
 14.5345 0.0719 0.0709 0.0100 0.0093 0.2609 0.5770 
 14.5946 0.0718 0.0711 0.0100 0.0093 0.2609 0.5770 
 14.6547 0.0718 0.0710 0.0100 0.0093 0.2609 0.5770 
 14.7147 0.0718 0.0710 0.0100 0.0093 0.2609 0.5770 
 14.7748 0.0717 0.0711 0.0100 0.0093 0.2609 0.5770 
 14.8348 0.0718 0.0711 0.0100 0.0093 0.2609 0.5770 
 14.8949 0.0718 0.0710 0.0100 0.0093 0.2609 0.5770 
 14.9550 0.0717 0.0712 0.0100 0.0093 0.2609 0.5770 
 15.0150 0.0718 0.0710 0.0100 0.0093 0.2609 0.5770 
 15.0751 0.0718 0.0710 0.0100 0.0093 0.2609 0.5770 
 15.1351 0.0718 0.0711 0.0100 0.0093 0.2609 0.5770 
 15.1952 0.0718 0.0710 0.0100 0.0093 0.2609 0.5770 
 15.2553 0.0718 0.0710 0.0100 0.0093 0.2609 0.5770 
 15.3153 0.0717 0.0711 0.0100 0.0093 0.2609 0.5770 
 15.3754 0.0718 0.0710 0.0100 0.0093 0.2609 0.5770 
 15.4354 0.0718 0.0710 0.0100 0.0093 0.2609 0.5770 
 15.4955 0.0718 0.0711 0.0100 0.0093 0.2609 0.5770 
 15.5556 0.0719 0.0710 0.0100 0.0093 0.2609 0.5770 
 15.6156 0.0717 0.0711 0.0100 0.0093 0.2609 0.5770 
 15.6757 0.0718 0.0711 0.0100 0.0093 0.2609 0.5770 
 15.7357 0.0718 0.0710 0.0100 0.0093 0.2609 0.5770 
 15.7958 0.0717 0.0712 0.0100 0.0093 0.2609 0.5770 
 15.8559 0.0718 0.0711 0.0100 0.0093 0.2609 0.5770 
 15.9159 0.0718 0.0710 0.0100 0.0093 0.2609 0.5770 
 15.9760 0.0718 0.0711 0.0100 0.0093 0.2609 0.5770 
 16.0360 0.0718 0.0711 0.0100 0.0093 0.2609 0.5770 
 16.0961 0.0718 0.0710 0.0100 0.0093 0.2609 0.5770 
 16.1562 0.0718 0.0711 0.0100 0.0093 0.2609 0.5770 
 16.2162 0.0718 0.0711 0.0100 0.0093 0.2609 0.5770 
 16.2763 0.0718 0.0710 0.0100 0.0093 0.2609 0.5770 
 16.3363 0.0718 0.0711 0.0100 0.0093 0.2609 0.5770 
 16.3964 0.0718 0.0710 0.0100 0.0093 0.2609 0.5770 
 16.4565 0.0719 0.0710 0.0100 0.0093 0.2609 0.5770 
 16.5165 0.0717 0.0711 0.0100 0.0093 0.2609 0.5770 
 16.5766 0.0719 0.0710 0.0100 0.0093 0.2609 0.5770 
 16.6366 0.0718 0.0710 0.0100 0.0093 0.2609 0.5770 
 16.6967 0.0717 0.0711 0.0100 0.0093 0.2609 0.5770 
 16.7568 0.0719 0.0710 0.0100 0.0093 0.2609 0.5770 
 16.8168 0.0718 0.0711 0.0100 0.0093 0.2609 0.5770 
 16.8769 0.0717 0.0711 0.0100 0.0093 0.2609 0.5770 
 16.9369 0.0718 0.0710 0.0100 0.0093 0.2609 0.5770 
 16.9970 0.0718 0.0710 0.0100 0.0093 0.2609 0.5770 
 17.0571 0.0718 0.0711 0.0100 0.0093 0.2609 0.5770 
 17.1171 0.0718 0.0710 0.0100 0.0093 0.2609 0.5770 
 17.1772 0.0718 0.0711 0.0100 0.0093 0.2609 0.5770 
 17.2372 0.0718 0.0711 0.0100 0.0093 0.2609 0.5770 
 17.2973 0.0718 0.0710 0.0100 0.0093 0.2609 0.5770 
 17.3574 0.0718 0.0711 0.0100 0.0093 0.2609 0.5770 
 17.4174 0.0718 0.0710 0.0100 0.0093 0.2609 0.5770 
 17.4775 0.0719 0.0710 0.0100 0.0093 0.2609 0.5770 
 17.5375 0.0718 0.0711 0.0100 0.0093 0.2609 0.5770 
 17.5976 0.0718 0.0711 0.0100 0.0093 0.2609 0.5770 
 17.6577 0.0719 0.0710 0.0100 0.0093 0.2609 0.5770 
 17.7177 0.0717 0.0712 0.0100 0.0093 0.2609 0.5770 
 17.7778 0.0718 0.0710 0.0100 0.0093 0.2609 0.5770 
 17.8378 0.0718 0.0711 0.0100 0.0093 0.2609 0.5770 
 17.8979 0.0717 0.0712 0.0100 0.0093 0.2609 0.5770 
 17.9580 0.0719 0.0710 0.0100 0.0093 0.2609 0.5770 
 18.0180 0.0718 0.0711 0.0100 0.0093 0.2609 0.5770 
 18.0781 0.0717 0.0711 0.0100 0.0093 0.2609 0.5770 
 18.1381 0.0718 0.0710 0.0100 0.0093 0.2609 0.5770 
 18.1982 0.0718 0.0710 0.0100 0.0093 0.2609 0.5770 
 18.2583 0.0717 0.0711 0.0100 0.0093 0.2609 0.5770 
 18.3183 0.0718 0.0710 0.0100 0.0093 0.2609 0.5770 
 18.3784 0.0718 0.0711 0.0100 0.0093 0.2609 0.5770 
 18.4384 0.0718 0.0711 0.0100 0.0093 0.2609 0.5770 
 18.4985 0.0718 0.0710 0.0100 0.0093 0.2609 0.5770 
 18.5586 0.0718 0.0710 0.0100 0.0093 0.2609 0.5770 
 18.6186 0.0718 0.0711 0.0100 0.0093 0.2609 0.5770 
 18.6787 0.0719 0.0710 0.0100 0.0093 0.2609 0.5770 
 18.7387 0.0717 0.0711 0.0100 0.0093 0.2609 0.5770 
 18.7988 0.0718 0.0711 0.0100 0.0093 0.2609 0.5770 
 18.8589 0.0719 0.0710 0.0100 0.0093 0.2609 0.5770 
 18.9189 0.0717 0.0712 0.0100 0.0093 0.2609 0.5770 
 18.9790 0.0718 0.0710 0.0100 0.0093 0.2609 0.5770 
 19.0390 0.0718 0.0710 0.0100 0.0093 0.2609 0.5770 
 19.0991 0.0718 0.0711 0.0100 0.0093 0.2609 0.5770 
 19.1592 0.0718 0.0710 0.0100 0.0093 0.2609 0.5770 
 19.2192 0.0718 0.0711 0.0100 0.0093 0.2609 0.5770 
 19.2793 0.0717 0.0711 0.0100 0.0093 0.2609 0.5770 
 19.3393 0.0718 0.0710 0.0100 0.0093 0.2609 0.5770 
 19.3994 0.0718 0.0710 0.0100 0.0093 0.2609 0.5770 
 19.4595 0.0717 0.0711 0.0100 0.0093 0.2609 0.5770 
 19.5195 0.0719 0.0710 0.0100 0.0093 0.2609 0.5770 
 19.5796 0.0718 0.0710 0.0100 0.0093 0.2609 0.5770 
 19.6396 0.0718 0.0711 0.0100 0.0093 0.2609 0.5770 
 19.6997 0.0718 0.0710 0.0100 0.0093 0.2609 0.5770 
 19.7598 0.0718 0.0710 0.0100 0.0093 0.2609 0.5770 
 19.8198 0.0718 0.0711 0.0100 0.0093 0.2609 0.5770 
 19.8799 0.0718 0.0710 0.0100 0.0093 0.2609 0.5770 
 19.9399 0.0718 0.0711 0.0100 0.0093 0.2609 0.5770 
 20.0000 0.0718 0.0711 0.0100 0.0093 0.2609 0.5770 
 20.0601 0.0719 0.0710 0.0100 0.0093 0.2609 0.5770 
 20.1201 0.0717 0.0712 0.0100 0.0093 0.2609 0.5770 
 20.1802 0.0718 0.0711 0.0100 0.0093 0.2609 0.5770 
 20.2402 0.0718 0.0710 0.0100 0.0093 0.2609 0.5770 
 20.3003 0.0718 0.0711 0.0100 0.0093 0.2609 0.5770 
 20.3604 0.0718 0.0711 0.0100 0.0093 0.2609 0.5770 
 20.4204 0.0718 0.0710 0.0100 0.0093 0.2609 0.5770 
 20.4805 0.0717 0.0711 0.0100 0.0093 0.2609 0.5770 
 20.5405 0.0718 0.0710 0.0100 0.0093 0.2609 0.5770 
 20.6006 0.0718 0.0710 0.0100 0.0093 0.2609 0.5770 
 20.6607 0.0717 0.0711 0.0100 0.0093 0.2609 0.5770 
 20.7207 0.0719 0.0710 0.0100 0.0093 0.2609 0.5770 
 20.7808 0.0718 0.0710 0.0100 0.0093 0.2609 0.5770 
 20.8408 0.0717 0.0711 0.0100 0.0093 0.2609 0.5770 
 20.9009 0.0718 0.0710 0.0100 0.0093 0.2609 0.5770 
 20.9610 0.0718 0.0710 0.0100 0.0093 0.2609 0.5770 
 21.0210 0.0717 0.0711 0.0100 0.0093 0.2609 0.5770 
 21.0811 0.0718 0.0710 0.0100 0.0093 0.2609 0.5770 
 21.1411 0.0718 0.0711 0.0100 0.0093 0.2609 0.5770 
 21.2012 0.0718 0.0711 0.0100 0.0093 0.2609 0.5770 
 21.2613 0.0718 0.0710 0.0100 0.0093 0.2609 0.5770 
 21.3213 0.0717 0.0711 0.0100 0.0093 0.2609 0.5770 
 21.3814 0.0718 0.0711 0.0100 0.0093 0.2609 0.5770 
 21.4414 0.0718 0.0710 0.0100 0.0093 0.2609 0.5770 
 21.5015 0.0718 0.0711 0.0100 0.0093 0.2609 0.5770 
 21.5616 0.0718 0.0711 0.0100 0.0093 0.2609 0.5770 
 21.6216 0.0719 0.0710 0.0100 0.0093 0.2609 0.5770 
 21.6817 0.0718 0.0711 0.0100 0.0093 0.2609 0.5770 
 21.7417 0.0718 0.0711 0.0100 0.0093 0.2609 0.5770 
 21.8018 0.0718 0.0710 0.0100 0.0093 0.2609 0.5770 
 21.8619 0.0718 0.0711 0.0100 0.0093 0.2609 0.5770 
 21.9219 0.0718 0.0710 0.0100 0.0093 0.2609 0.5770 
 21.9820 0.0718 0.0710 0.0100 0.0093 0.2609 0.5770 
 22.0420 0.0717 0.0711 0.0100 0.0093 0.2609 0.5770 
 22.1021 0.0718 0.0710 0.0100 0.0093 0.2609 0.5770 
 22.1622 0.0718 0.0711 0.0100 0.0093 0.2609 0.5770 
 22.2222 0.0717 0.0711 0.0100 0.0093 0.2609 0.5770 
 22.2823 0.0718 0.0710 0.0100 0.0093 0.2609 0.5770 
 22.3423 0.0718 0.0711 0.0100 0.0093 0.2609 0.5770 
 22.4024 0.0718 0.0711 0.0100 0.0093 0.2609 0.5770 
 22.4625 0.0718 0.0710 0.0100 0.0093 0.2609 0.5770 
 22.5225 0.0718 0.0710 0.0100 0.0093 0.2609 0.5770 
 22.5826 0.0718 0.0711 0.0100 0.0093 0.2609 0.5770 
 22.6426 0.0718 0.0710 0.0100 0.0093 0.2609 0.5770 
 22.7027 0.0718 0.0710 0.0100 0.0093 0.2609 0.5770 
 22.7628 0.0718 0.0711 0.0100 0.0093 0.2609 0.5770 
 22.8228 0.0719 0.0710 0.0100 0.0093 0.2609 0.5770 
 22.8829 0.0717 0.0711 0.0100 0.0093 0.2609 0.5770 
 22.9429 0.0718 0.0710 0.0100 0.0093 0.2609 0.5770 
 23.0030 0.0719 0.0710 0.0100 0.0093 0.2609 0.5770 
 23.0631 0.0718 0.0711 0.0100 0.0093 0.2609 0.5770 
 23.1231 0.0718 0.0710 0.0100 0.0093 0.2609 0.5770 
 23.1832 0.0718 0.0710 0.0100 0.0093 0.2609 0.5770 
 23.2432 0.0717 0.0711 0.0100 0.0093 0.2609 0.5770 
 23.3033 0.0718 0.0710 0.0100 0.0093 0.2609 0.5770 
 23.3634 0.0718 0.0710 0.0100 0.0093 0.2609 0.5770 
 23.4234 0.0717 0.0712 0.0100 0.0093 0.2609 0.5770 
 23.4835 0.0718 0.0710 0.0100 0.0093 0.2609 0.5770 
 23.5435 0.0718 0.0710 0.0100 0.0093 0.2609 0.5770 
 23.6036 0.0718 0.0711 0.0100 0.0093 0.2609 0.5770 
 23.6637 0.0718 0.0710 0.0100 0.0093 0.2609 0.5770 
 23.7237 0.0718 0.0710 0.0100 0.0093 0.2609 0.5770 
 23.7838 0.0718 0.0711 0.0100 0.0093 0.2609 0.5770 
 23.8438 0.0718 0.0710 0.0100 0.0093 0.2609 0.5770 
 23.9039 0.0718 0.0710 0.0100 0.0093 0.2609 0.5770 
 23.9640 0.0718 0.0711 0.0100 0.0093 0.2609 0.5770 
 24.0240 0.0719 0.0710 0.0100 0.0093 0.2609 0.5770 
 24.0841 0.0717 0.0711 0.0100 0.0093 0.2609 0.5770 
 24.1441 0.0718 0.0711 0.0100 0.0093 0.2609 0.5770 
 24.2042 0.0718 0.0710 0.0100 0.0093 0.2609 0.5770 
 24.2643 0.0717 0.0712 0.0100 0.0093 0.2609 0.5770 
 24.3243 0.0718 0.0711 0.0100 0.0093 0.2609 0.5770 
 24.3844 0.0718 0.0710 0.0100 0.0093 0.2609 0.5770 
 24.4444 0.0717 0.0711 0.0100 0.0093 0.2609 0.5770 
 24.5045 0.0718 0.0711 0.0100 0.0093 0.2609 0.5770 
 24.5646 0.0718 0.0710 0.0100 0.0093 0.2609 0.5770 
 24.6246 0.0718 0.0711 0.0100 0.0093 0.2609 0.5770 
 24.6847 0.0718 0.0710 0.0100 0.0093 0.2609 0.5770 
 24.7447 0.0718 0.0710 0.0100 0.0093 0.2609 0.5770 
 24.8048 0.0718 0.0711 0.0100 0.0093 0.2609 0.5770 
 24.8649 0.0718 0.0710 0.0100 0.0093 0.2609 0.5770 
 24.9249 0.0719 0.0710 0.0100 0.0093 0.2609 0.5770 
 24.9850 0.0717 0.0711 0.0100 0.0093 0.2609 0.5770 
 25.0450 0.0719 0.0710 0.0100 0.0093 0.2609 0.5770 
 25.1051 0.0718 0.0710 0.0100 0.0093 0.2609 0.5770 
 25.1652 0.0717 0.0711 0.0100 0.0093 0.2609 0.5770 
 25.2252 0.0719 0.0710 0.0100 0.0093 0.2609 0.5770 
 25.2853 0.0717 0.0711 0.0100 0.0093 0.2609 0.5770 
 25.3453 0.0718 0.0711 0.0100 0.0093 0.2609 0.5770 
 25.4054 0.0718 0.0710 0.0100 0.0093 0.2609 0.5770 
 25.4655 0.0717 0.0711 0.0100 0.0093 0.2609 0.5770 
 25.5255 0.0718 0.0711 0.0100 0.0093 0.2609 0.5770 
 25.5856 0.0718 0.0710 0.0100 0.0093 0.2609 0.5770 
 25.6456 0.0718 0.0711 0.0100 0.0093 0.2609 0.5770 
 25.7057 0.0718 0.0711 0.0100 0.0093 0.2609 0.5770 
 25.7658 0.0718 0.0710 0.0100 0.0093 0.2609 0.5770 
 25.8258 0.0718 0.0711 0.0100 0.0093 0.2609 0.5770 
 25.8859 0.0718 0.0710 0.0100 0.0093 0.2609 0.5770 
 25.9459 0.0719 0.0710 0.0100 0.0093 0.2609 0.5770 
 26.0060 0.0718 0.0711 0.0100 0.0093 0.2609 0.5770 
 26.0661 0.0718 0.0711 0.0100 0.0093 0.2609 0.5770 
 26.1261 0.0719 0.0710 0.0100 0.0093 0.2609 0.5770 
 26.1862 0.0717 0.0712 0.0100 0.0093 0.2609 0.5770 
 26.2462 0.0718 0.0710 0.0100 0.0093 0.2609 0.5770 
 26.3063 0.0718 0.0711 0.0100 0.0093 0.2609 0.5770 
 26.3664 0.0717 0.0711 0.0100 0.0093 0.2609 0.5770 
 26.4264 0.0719 0.0710 0.0100 0.0093 0.2609 0.5770 
 26.4865 0.0718 0.0711 0.0100 0.0093 0.2609 0.5770 
 26.5465 0.0717 0.0711 0.0100 0.0093 0.2609 0.5770 
 26.6066 0.0718 0.0710 0.0100 0.0093 0.2609 0.5770 
 26.6667 0.0718 0.0710 0.0100 0.0093 0.2609 0.5770 
 26.7267 0.0718 0.0711 0.0100 0.0093 0.2609 0.5770 
 26.7868 0.0718 0.0710 0.0100 0.0093 0.2609 0.5770 
 26.8468 0.0718 0.0711 0.0100 0.0093 0.2609 0.5770 
 26.9069 0.0718 0.0711 0.0100 0.0093 0.2609 0.5770 
 26.9670 0.0718 0.0710 0.0100 0.0093 0.2609 0.5770 
 27.0270 0.0718 0.0711 0.0100 0.0093 0.2609 0.5770 
 27.0871 0.0718 0.0711 0.0100 0.0093 0.2609 0.5770 
 27.1471 0.0719 0.0710 0.0100 0.0093 0.2609 0.5770 
 27.2072 0.0717 0.0711 0.0100 0.0093 0.2609 0.5770 
 27.2673 0.0718 0.0711 0.0100 0.0093 0.2609 0.5770 
 27.3273 0.0719 0.0710 0.0100 0.0093 0.2609 0.5770 
 27.3874 0.0717 0.0712 0.0100 0.0093 0.2609 0.5770 
 27.4474 0.0718 0.0710 0.0100 0.0093 0.2609 0.5770 
 27.5075 0.0718 0.0710 0.0100 0.0093 0.2609 0.5770 
 27.5676 0.0717 0.0711 0.0100 0.0093 0.2609 0.5770 
 27.6276 0.0719 0.0710 0.0100 0.0093 0.2609 0.5770 
 27.6877 0.0718 0.0711 0.0100 0.0093 0.2609 0.5770 
 27.7477 0.0717 0.0711 0.0100 0.0093 0.2609 0.5770 
 27.8078 0.0718 0.0710 0.0100 0.0093 0.2609 0.5770 
 27.8679 0.0718 0.0710 0.0100 0.0093 0.2609 0.5770 
 27.9279 0.0717 0.0711 0.0100 0.0093 0.2609 0.5770 
 27.9880 0.0719 0.0710 0.0100 0.0093 0.2609 0.5770 
 28.0480 0.0718 0.0710 0.0100 0.0093 0.2609 0.5770 
 28.1081 0.0718 0.0711 0.0100 0.0093 0.2609 0.5770 
 28.1682 0.0718 0.0710 0.0100 0.0093 0.2609 0.5770 
 28.2282 0.0718 0.0710 0.0100 0.0093 0.2609 0.5770 
 28.2883 0.0718 0.0711 0.0100 0.0093 0.2609 0.5770 
 28.3483 0.0718 0.0710 0.0100 0.0093 0.2609 0.5770 
 28.4084 0.0717 0.0712 0.0100 0.0093 0.2609 0.5770 
 28.4685 0.0718 0.0710 0.0100 0.0093 0.2609 0.5770 
 28.5285 0.0719 0.0710 0.0100 0.0093 0.2609 0.5770 
 28.5886 0.0717 0.0712 0.0100 0.0093 0.2609 0.5770 
 28.6486 0.0718 0.0710 0.0100 0.0093 0.2609 0.5770 
 28.7087 0.0718 0.0710 0.0100 0.0093 0.2609 0.5770 
 28.7688 0.0718 0.0711 0.0100 0.0093 0.2609 0.5770 
 28.8288 0.0718 0.0710 0.0100 0.0093 0.2609 0.5770 
 28.8889 0.0718 0.0710 0.0100 0.0093 0.2609 0.5770 
 28.9489 0.0717 0.0711 0.0100 0.0093 0.2609 0.5770 
 29.0090 0.0718 0.0710 0.0100 0.0093 0.2609 0.5770 
 29.0691 0.0718 0.0710 0.0100 0.0093 0.2609 0.5770 
 29.1291 0.0717 0.0711 0.0100 0.0093 0.2609 0.5770 
 29.1892 0.0719 0.0710 0.0100 0.0093 0.2609 0.5770 
 29.2492 0.0718 0.0711 0.0100 0.0093 0.2609 0.5770 
 29.3093 0.0717 0.0711 0.0100 0.0093 0.2609 0.5770 
 29.3694 0.0718 0.0710 0.0100 0.0093 0.2609 0.5770 
 29.4294 0.0718 0.0710 0.0100 0.0093 0.2609 0.5770 
 29.4895 0.0717 0.0711 0.0100 0.0093 0.2609 0.5770 
 29.5495 0.0718 0.0710 0.0100 0.0093 0.2609 0.5770 
 29.6096 0.0718 0.0711 0.0100 0.0093 0.2609 0.5770 
 29.6697 0.0718 0.0711 0.0100 0.0093 0.2609 0.5770 
 29.7297 0.0719 0.0710 0.0100 0.0093 0.2609 0.5770 
 29.7898 0.0717 0.0712 0.0100 0.0093 0.2609 0.5770 
 29.8498 0.0718 0.0711 0.0100 0.0093 0.2609 0.5770 
 29.9099 0.0718 0.0710 0.0100 0.0093 0.2609 0.5770 
 29.9700 0.0718 0.0711 0.0100 0.0093 0.2609 0.5770 
 30.0300 0.0718 0.0711 0.0100 0.0093 0.2609 0.5770 
 30.0901 0.0719 0.0710 0.0100 0.0093 0.2609 0.5770 
 30.1502 0.0718 0.0711 0.0100 0.0093 0.2609 0.5770 
 30.2102 0.0718 0.0711 0.0100 0.0093 0.2609 0.5770 
 30.2703 0.0718 0.0710 0.0100 0.0093 0.2609 0.5770 
 30.3303 0.0718 0.0711 0.0100 0.0093 0.2609 0.5770 
 30.3904 0.0718 0.0710 0.0100 0.0093 0.2609 0.5770 
 30.4505 0.0718 0.0711 0.0100 0.0093 0.2609 0.5770 
 30.5105 0.0717 0.0711 0.0100 0.0093 0.2609 0.5770 
 30.5706 0.0719 0.0710 0.0100 0.0093 0.2609 0.5770 
 30.6306 0.0718 0.0710 0.0100 0.0093 0.2609 0.5770 
 30.6907 0.0717 0.0711 0.0100 0.0093 0.2609 0.5770 
 30.7508 0.0718 0.0710 0.0100 0.0093 0.2609 0.5770 
 30.8108 0.0718 0.0711 0.0100 0.0093 0.2609 0.5770 
 30.8709 0.0718 0.0711 0.0100 0.0093 0.2609 0.5770 
 30.9309 0.0718 0.0710 0.0100 0.0093 0.2609 0.5770 
 30.9910 0.0718 0.0710 0.0100 0.0093 0.2609 0.5770 
 31.0511 0.0718 0.0711 0.0100 0.0093 0.2609 0.5770 
 31.1111 0.0718 0.0710 0.0100 0.0093 0.2609 0.5770 
 31.1712 0.0718 0.0710 0.0100 0.0093 0.2609 0.5770 
 31.2312 0.0718 0.0711 0.0100 0.0093 0.2609 0.5770 
 31.2913 0.0719 0.0710 0.0100 0.0093 0.2609 0.5770 
 31.3514 0.0717 0.0711 0.0100 0.0093 0.2609 0.5770 
 31.4114 0.0718 0.0711 0.0100 0.0093 0.2609 0.5770 
 31.4715 0.0718 0.0710 0.0100 0.0093 0.2609 0.5770 
 31.5315 0.0718 0.0711 0.0100 0.0093 0.2609 0.5770 
 31.5916 0.0718 0.0710 0.0100 0.0093 0.2609 0.5770 
 31.6517 0.0718 0.0710 0.0100 0.0093 0.2609 0.5770 
 31.7117 0.0717 0.0711 0.0100 0.0093 0.2609 0.5770 
 31.7718 0.0718 0.0710 0.0100 0.0093 0.2609 0.5770 
 31.8318 0.0718 0.0711 0.0100 0.0093 0.2609 0.5770 
 31.8919 0.0717 0.0711 0.0100 0.0093 0.2609 0.5770 
 31.9520 0.0718 0.0710 0.0100 0.0093 0.2609 0.5770 
 32.0120 0.0718 0.0710 0.0100 0.0093 0.2609 0.5770 
 32.0721 0.0718 0.0711 0.0100 0.0093 0.2609 0.5770 
 32.1321 0.0718 0.0710 0.0100 0.0093 0.2609 0.5770 
 32.1922 0.0718 0.0710 0.0100 0.0093 0.2609 0.5770 
 32.2523 0.0718 0.0711 0.0100 0.0093 0.2609 0.5770 
 32.3123 0.0718 0.0710 0.0100 0.0093 0.2609 0.5770 
 32.3724 0.0718 0.0710 0.0100 0.0093 0.2609 0.5770 
 32.4324 0.0718 0.0711 0.0100 0.0093 0.2609 0.5770 
 32.4925 0.0719 0.0710 0.0100 0.0093 0.2609 0.5770 
 32.5526 0.0717 0.0711 0.0100 0.0093 0.2609 0.5770 
 32.6126 0.0718 0.0710 0.0100 0.0093 0.2609 0.5770 
 32.6727 0.0719 0.0709 0.0100 0.0093 0.2609 0.5770 
 32.7327 0.0718 0.0711 0.0100 0.0093 0.2609 0.5770 
 32.7928 0.0718 0.0710 0.0100 0.0093 0.2609 0.5770 
 32.8529 0.0718 0.0710 0.0100 0.0093 0.2609 0.5770 
 32.9129 0.0717 0.0711 0.0100 0.0093 0.2609 0.5770 
 32.9730 0.0718 0.0711 0.0100 0.0093 0.2609 0.5770 
 33.0330 0.0718 0.0710 0.0100 0.0093 0.2609 0.5770 
 33.0931 0.0718 0.0711 0.0100 0.0093 0.2609 0.5770 
 33.1532 0.0718 0.0710 0.0100 0.0093 0.2609 0.5770 
 33.2132 0.0718 0.0710 0.0100 0.0093 0.2609 0.5770 
 33.2733 0.0718 0.0711 0.0100 0.0093 0.2609 0.5770 
 33.3333 0.0718 0.0710 0.0100 0.0093 0.2609 0.5770 
 33.3934 0.0718 0.0710 0.0100 0.0093 0.2609 0.5770 
 33.4535 0.0717 0.0711 0.0100 0.0093 0.2609 0.5770 
 33.5135 0.0718 0.0710 0.0100 0.0093 0.2609 0.5770 
 33.5736 0.0718 0.0710 0.0100 0.0093 0.2609 0.5770 
 33.6336 0.0718 0.0711 0.0100 0.0093 0.2609 0.5770 
 33.6937 0.0719 0.0710 0.0100 0.0093 0.2609 0.5770 
 33.7538 0.0717 0.0711 0.0100 0.0093 0.2609 0.5770 
 33.8138 0.0718 0.0711 0.0100 0.0093 0.2609 0.5770 
 33.8739 0.0718 0.0710 0.0100 0.0093 0.2609 0.5770 
 33.9339 0.0717 0.0711 0.0100 0.0093 0.2609 0.5770 
 33.9940 0.0718 0.0710 0.0100 0.0093 0.2609 0.5770 
 34.0541 0.0718 0.0710 0.0100 0.0093 0.2609 0.5770 
 34.1141 0.0718 0.0711 0.0100 0.0093 0.2609 0.5770 
 34.1742 0.0718 0.0711 0.0100 0.0093 0.2609 0.5770 
 34.2342 0.0718 0.0710 0.0100 0.0093 0.2609 0.5770 
 34.2943 0.0718 0.0711 0.0100 0.0093 0.2609 0.5770 
 34.3544 0.0718 0.0711 0.0100 0.0093 0.2609 0.5770 
 34.4144 0.0718 0.0710 0.0100 0.0093 0.2609 0.5770 
 34.4745 0.0718 0.0711 0.0100 0.0093 0.2609 0.5770 
 34.5345 0.0718 0.0710 0.0100 0.0093 0.2609 0.5770 
 34.5946 0.0719 0.0710 0.0100 0.0093 0.2609 0.5770 
 34.6547 0.0717 0.0711 0.0100 0.0093 0.2609 0.5770 
 34.7147 0.0718 0.0710 0.0100 0.0093 0.2609 0.5770 
 34.7748 0.0717 0.0711 0.0100 0.0093 0.2609 0.5770 
 34.8348 0.0717 0.0711 0.0100 0.0093 0.2609 0.5770 
 34.8949 0.0719 0.0710 0.0100 0.0093 0.2609 0.5770 
 34.9550 0.0718 0.0711 0.0100 0.0093 0.2609 0.5770 
 35.0150 0.0718 0.0711 0.0100 0.0093 0.2609 0.5770 
 35.0751 0.0718 0.0710 0.0100 0.0093 0.2609 0.5770 
 35.1351 0.0718 0.0710 0.0100 0.0093 0.2609 0.5770 
 35.1952 0.0718 0.0711 0.0100 0.0093 0.2609 0.5770 
 35.2553 0.0718 0.0710 0.0100 0.0093 0.2609 0.5770 
 35.3153 0.0718 0.0711 0.0100 0.0093 0.2609 0.5770 
 35.3754 0.0718 0.0711 0.0100 0.0093 0.2609 0.5770 
 35.4354 0.0718 0.0710 0.0100 0.0093 0.2609 0.5770 
 35.4955 0.0718 0.0711 0.0100 0.0093 0.2609 0.5770 
 35.5556 0.0718 0.0710 0.0100 0.0093 0.2609 0.5770 
 35.6156 0.0719 0.0710 0.0100 0.0093 0.2609 0.5770 
 35.6757 0.0718 0.0711 0.0100 0.0093 0.2609 0.5770 
 35.7357 0.0718 0.0711 0.0100 0.0093 0.2609 0.5770 
 35.7958 0.0719 0.0710 0.0100 0.0093 0.2609 0.5770 
 35.8559 0.0717 0.0712 0.0100 0.0093 0.2609 0.5770 
 35.9159 0.0718 0.0710 0.0100 0.0093 0.2609 0.5770 
 35.9760 0.0718 0.0710 0.0100 0.0093 0.2609 0.5770 
 36.0360 0.0717 0.0711 0.0100 0.0093 0.2609 0.5770 
 36.0961 0.0719 0.0710 0.0100 0.0093 0.2609 0.5770 
 36.1562 0.0718 0.0711 0.0100 0.0093 0.2609 0.5770 
 36.2162 0.0717 0.0711 0.0100 0.0093 0.2609 0.5770 
 36.2763 0.0718 0.0710 0.0100 0.0093 0.2609 0.5770 
 36.3363 0.0718 0.0710 0.0100 0.0093 0.2609 0.5770 
 36.3964 0.0718 0.0711 0.0100 0.0093 0.2609 0.5770 
 36.4565 0.0718 0.0710 0.0100 0.0093 0.2609 0.5770 
 36.5165 0.0718 0.0711 0.0100 0.0093 0.2609 0.5770 
 36.5766 0.0718 0.0711 0.0100 0.0093 0.2609 0.5770 
 36.6366 0.0718 0.0710 0.0100 0.0093 0.2609 0.5770 
 36.6967 0.0718 0.0710 0.0100 0.0093 0.2609 0.5770 
 36.7568 0.0718 0.0711 0.0100 0.0093 0.2609 0.5770 
 36.8168 0.0718 0.0710 0.0100 0.0093 0.2609 0.5770 
 36.8769 0.0717 0.0712 0.0100 0.0093 0.2609 0.5770 
 36.9369 0.0718 0.0710 0.0100 0.0093 0.2609 0.5770 
 36.9970 0.0719 0.0710 0.0100 0.0093 0.2609 0.5770 
 37.0571 0.0717 0.0712 0.0100 0.0093 0.2609 0.5770 
 37.1171 0.0718 0.0710 0.0100 0.0093 0.2609 0.5770 
 37.1772 0.0718 0.0710 0.0100 0.0093 0.2609 0.5770 
 37.2372 0.0718 0.0711 0.0100 0.0093 0.2609 0.5770 
 37.2973 0.0718 0.0710 0.0100 0.0093 0.2609 0.5770 
 37.3574 0.0718 0.0711 0.0100 0.0093 0.2609 0.5770 
 37.4174 0.0717 0.0711 0.0100 0.0093 0.2609 0.5770 
 37.4775 0.0718 0.0710 0.0100 0.0093 0.2609 0.5770 
 37.5375 0.0718 0.0710 0.0100 0.0093 0.2609 0.5770 
 37.5976 0.0717 0.0711 0.0100 0.0093 0.2609 0.5770 
 37.6577 0.0719 0.0710 0.0100 0.0093 0.2609 0.5770 
 37.7177 0.0718 0.0711 0.0100 0.0093 0.2609 0.5770 
 37.7778 0.0717 0.0711 0.0100 0.0093 0.2609 0.5770 
 37.8378 0.0718 0.0710 0.0100 0.0093 0.2609 0.5770 
 37.8979 0.0718 0.0710 0.0100 0.0093 0.2609 0.5770 
 37.9580 0.0718 0.0711 0.0100 0.0093 0.2609 0.5770 
 38.0180 0.0718 0.0710 0.0100 0.0093 0.2609 0.5770 
 38.0781 0.0718 0.0711 0.0100 0.0093 0.2609 0.5770 
 38.1381 0.0718 0.0711 0.0100 0.0093 0.2609 0.5770 
 38.1982 0.0719 0.0710 0.0100 0.0093 0.2609 0.5770 
 38.2583 0.0717 0.0712 0.0100 0.0093 0.2609 0.5770 
 38.3183 0.0718 0.0711 0.0100 0.0093 0.2609 0.5770 
 38.3784 0.0718 0.0710 0.0100 0.0093 0.2609 0.5770 
 38.4384 0.0718 0.0711 0.0100 0.0093 0.2609 0.5770 
 38.4985 0.0718 0.0711 0.0100 0.0093 0.2609 0.5770 
 38.5586 0.0718 0.0710 0.0100 0.0093 0.2609 0.5770 
 38.6186 0.0717 0.0711 0.0100 0.0093 0.2609 0.5770 
 38.6787 0.0718 0.0710 0.0100 0.0093 0.2609 0.5770 
 38.7387 0.0718 0.0710 0.0100 0.0093 0.2609 0.5770 
 38.7988 0.0717 0.0711 0.0100 0.0093 0.2609 0.5770 
 38.8589 0.0719 0.0710 0.0100 0.0093 0.2609 0.5770 
 38.9189 0.0718 0.0711 0.0100 0.0093 0.2609 0.5770 
 38.9790 0.0717 0.0711 0.0100 0.0093 0.2609 0.5770 
 39.0390 0.0719 0.0709 0.0100 0.0093 0.2609 0.5770 
 39.0991 0.0718 0.0710 0.0100 0.0093 0.2609 0.5770 
 39.1592 0.0717 0.0711 0.0100 0.0093 0.2609 0.5770 
 39.2192 0.0718 0.0710 0.0100 0.0093 0.2609 0.5770 
 39.2793 0.0718 0.0711 0.0100 0.0093 0.2609 0.5770 
 39.3393 0.0718 0.0711 0.0100 0.0093 0.2609 0.5770 
 39.3994 0.0718 0.0710 0.0100 0.0093 0.2609 0.5770 
 39.4595 0.0717 0.0712 0.0100 0.0093 0.2609 0.5770 
 39.5195 0.0718 0.0711 0.0100 0.0093 0.2609 0.5770 
 39.5796 0.0718 0.0710 0.0100 0.0093 0.2609 0.5770 
 39.6396 0.0718 0.0711 0.0100 0.0093 0.2609 0.5770 
 39.6997 0.0718 0.0711 0.0100 0.0093 0.2609 0.5770 
 39.7598 0.0719 0.0710 0.0100 0.0093 0.2609 0.5770 
 39.8198 0.0717 0.0712 0.0100 0.0093 0.2609 0.5770 
 39.8799 0.0718 0.0710 0.0100 0.0093 0.2609 0.5770 
 39.9399 0.0718 0.0710 0.0100 0.0093 0.2609 0.5770 
 40.0000 0.0718 0.0711 0.0100 0.0093 0.2609 0.5770 
 40.0601 0.0718 0.0710 0.0100 0.0093 0.2609 0.5770 
 40.1201 0.0718 0.0711 0.0100 0.0093 0.2609 0.5770 
 40.1802 0.0717 0.0711 0.0100 0.0093 0.2609 0.5770 
 40.2402 0.0718 0.0710 0.0100 0.0093 0.2609 0.5770 
 40.3003 0.0718 0.0711 0.0100 0.0093 0.2609 0.5770 
 40.3604 0.0717 0.0711 0.0100 0.0093 0.2609 0.5770 
 40.4204 0.0718 0.0710 0.0100 0.0093 0.2609 0.5770 
 40.4805 0.0718 0.0711 0.0100 0.0093 0.2609 0.5770 
 40.5405 0.0718 0.0711 0.0100 0.0093 0.2609 0.5770 
 40.6006 0.0718 0.0710 0.0100 0.0093 0.2609 0.5770 
 40.6607 0.0718 0.0710 0.0100 0.0093 0.2609 0.5770 
 40.7207 0.0718 0.0711 0.0100 0.0093 0.2609 0.5770 
 40.7808 0.0718 0.0710 0.0100 0.0093 0.2609 0.5770 
 40.8408 0.0718 0.0710 0.0100 0.0093 0.2609 0.5770 
 40.9009 0.0718 0.0711 0.0100 0.0093 0.2609 0.5770 
 40.9610 0.0719 0.0710 0.0100 0.0093 0.2609 0.5770 
 41.0210 0.0717 0.0711 0.0100 0.0093 0.2609 0.5770 
 41.0811 0.0718 0.0710 0.0100 0.0093 0.2609 0.5770 
 41.1411 0.0719 0.0710 0.0100 0.0093 0.2609 0.5770 
 41.2012 0.0718 0.0711 0.0100 0.0093 0.2609 0.5770 
 41.2613 0.0718 0.0710 0.0100 0.0093 0.2609 0.5770 
 41.3213 0.0718 0.0710 0.0100 0.0093 0.2609 0.5770 
 41.3814 0.0717 0.0711 0.0100 0.0093 0.2609 0.5770 
 41.4414 0.0718 0.0710 0.0100 0.0093 0.2609 0.5770 
 41.5015 0.0718 0.0710 0.0100 0.0093 0.2609 0.5770 
 41.5616 0.0717 0.0711 0.0100 0.0093 0.2609 0.5770 
 41.6216 0.0718 0.0710 0.0100 0.0093 0.2609 0.5770 
 41.6817 0.0718 0.0710 0.0100 0.0093 0.2609 0.5770 
 41.7417 0.0718 0.0711 0.0100 0.0093 0.2609 0.5770 
 41.8018 0.0718 0.0710 0.0100 0.0093 0.2609 0.5770 
 41.8619 0.0718 0.0710 0.0100 0.0093 0.2609 0.5770 
 41.9219 0.0717 0.0711 0.0100 0.0093 0.2609 0.5770 
 41.9820 0.0718 0.0710 0.0100 0.0093 0.2609 0.5770 
 42.0420 0.0718 0.0710 0.0100 0.0093 0.2609 0.5770 
 42.1021 0.0718 0.0711 0.0100 0.0093 0.2609 0.5770 
 42.1622 0.0719 0.0710 0.0100 0.0093 0.2609 0.5770 
 42.2222 0.0717 0.0711 0.0100 0.0093 0.2609 0.5770 
 42.2823 0.0718 0.0711 0.0100 0.0093 0.2609 0.5770 
 42.3423 0.0718 0.0710 0.0100 0.0093 0.2609 0.5770 
 42.4024 0.0717 0.0712 0.0100 0.0093 0.2609 0.5770 
 42.4625 0.0718 0.0710 0.0100 0.0093 0.2609 0.5770 
 42.5225 0.0718 0.0710 0.0100 0.0093 0.2609 0.5770 
 42.5826 0.0717 0.0711 0.0100 0.0093 0.2609 0.5770 
 42.6426 0.0718 0.0711 0.0100 0.0093 0.2609 0.5770 
 42.7027 0.0718 0.0710 0.0100 0.0093 0.2609 0.5770 
 42.7628 0.0718 0.0711 0.0100 0.0093 0.2609 0.5770 
 42.8228 0.0718 0.0710 0.0100 0.0093 0.2609 0.5770 
 42.8829 0.0718 0.0710 0.0100 0.0093 0.2609 0.5770 
 42.9429 0.0718 0.0711 0.0100 0.0093 0.2609 0.5770 
 43.0030 0.0718 0.0710 0.0100 0.0093 0.2609 0.5770 
 43.0631 0.0719 0.0710 0.0100 0.0093 0.2609 0.5770 
 43.1231 0.0717 0.0711 0.0100 0.0093 0.2609 0.5770 
 43.1832 0.0719 0.0709 0.0100 0.0093 0.2609 0.5770 
 43.2432 0.0718 0.0710 0.0100 0.0093 0.2609 0.5770 
 43.3033 0.0717 0.0711 0.0100 0.0093 0.2609 0.5770 
 43.3634 0.0719 0.0710 0.0100 0.0093 0.2609 0.5770 
 43.4234 0.0717 0.0711 0.0100 0.0093 0.2609 0.5770 
 43.4835 0.0718 0.0711 0.0100 0.0093 0.2609 0.5770 
 43.5435 0.0718 0.0710 0.0100 0.0093 0.2609 0.5770 
 43.6036 0.0718 0.0710 0.0100 0.0093 0.2609 0.5770 
 43.6637 0.0718 0.0711 0.0100 0.0093 0.2609 0.5770 
 43.7237 0.0718 0.0710 0.0100 0.0093 0.2609 0.5770 
 43.7838 0.0718 0.0711 0.0100 0.0093 0.2609 0.5770 
 43.8438 0.0718 0.0711 0.0100 0.0093 0.2609 0.5770 
 43.9039 0.0718 0.0710 0.0100 0.0093 0.2609 0.5770 
 43.9640 0.0718 0.0711 0.0100 0.0093 0.2609 0.5770 
 44.0240 0.0718 0.0710 0.0100 0.0093 0.2609 0.5770 
 44.0841 0.0719 0.0710 0.0100 0.0093 0.2609 0.5770 
 44.1441 0.0718 0.0711 0.0100 0.0093 0.2609 0.5770 
 44.2042 0.0718 0.0710 0.0100 0.0093 0.2609 0.5770 
 44.2643 0.0719 0.0710 0.0100 0.0093 0.2609 0.5770 
 44.3243 0.0717 0.0712 0.0100 0.0093 0.2609 0.5770 
 44.3844 0.0718 0.0710 0.0100 0.0093 0.2609 0.5770 
 44.4444 0.0718 0.0711 0.0100 0.0093 0.2609 0.5770 
 44.5045 0.0717 0.0711 0.0100 0.0093 0.2609 0.5770 
 44.5646 0.0719 0.0710 0.0100 0.0093 0.2609 0.5770 
 44.6246 0.0718 0.0711 0.0100 0.0093 0.2609 0.5770 
 44.6847 0.0717 0.0711 0.0100 0.0093 0.2609 0.5770 
 44.7447 0.0718 0.0710 0.0100 0.0093 0.2609 0.5770 
 44.8048 0.0718 0.0710 0.0100 0.0093 0.2609 0.5770 
 44.8649 0.0718 0.0711 0.0100 0.0093 0.2609 0.5770 
 44.9249 0.0718 0.0710 0.0100 0.0093 0.2609 0.5770 
 44.9850 0.0718 0.0711 0.0100 0.0093 0.2609 0.5770 
 45.0450 0.0718 0.0711 0.0100 0.0093 0.2609 0.5770 
 45.1051 0.0718 0.0710 0.0100 0.0093 0.2609 0.5770 
 45.1652 0.0718 0.0711 0.0100 0.0093 0.2609 0.5770 
 45.2252 0.0718 0.0711 0.0100 0.0093 0.2609 0.5770 
 45.2853 0.0719 0.0710 0.0100 0.0093 0.2609 0.5770 
 45.3453 0.0717 0.0711 0.0100 0.0093 0.2609 0.5770 
 45.4054 0.0718 0.0711 0.0100 0.0093 0.2609 0.5770 
 45.4655 0.0719 0.0710 0.0100 0.0093 0.2609 0.5770 
 45.5255 0.0717 0.0712 0.0100 0.0093 0.2609 0.5770 
 45.5856 0.0718 0.0710 0.0100 0.0093 0.2609 0.5770 
 45.6456 0.0718 0.0710 0.0100 0.0093 0.2609 0.5770 
 45.7057 0.0718 0.0711 0.0100 0.0093 0.2609 0.5770 
 45.7658 0.0718 0.0710 0.0100 0.0093 0.2609 0.5770 
 45.8258 0.0718 0.0711 0.0100 0.0093 0.2609 0.5770 
 45.8859 0.0717 0.0711 0.0100 0.0093 0.2609 0.5770 
 45.9459 0.0718 0.0710 0.0100 0.0093 0.2609 0.5770 
 46.0060 0.0718 0.0710 0.0100 0.0093 0.2609 0.5770 
 46.0661 0.0717 0.0711 0.0100 0.0093 0.2609 0.5770 
 46.1261 0.0719 0.0710 0.0100 0.0093 0.2609 0.5770 
 46.1862 0.0718 0.0710 0.0100 0.0093 0.2609 0.5770 
 46.2462 0.0718 0.0711 0.0100 0.0093 0.2609 0.5770 
 46.3063 0.0718 0.0710 0.0100 0.0093 0.2609 0.5770 
 46.3664 0.0718 0.0710 0.0100 0.0093 0.2609 0.5770 
 46.4264 0.0718 0.0711 0.0100 0.0093 0.2609 0.5770 
 46.4865 0.0718 0.0710 0.0100 0.0093 0.2609 0.5770 
 46.5465 0.0718 0.0711 0.0100 0.0093 0.2609 0.5770 
 46.6066 0.0718 0.0710 0.0100 0.0093 0.2609 0.5770 
 46.6667 0.0718 0.0710 0.0100 0.0093 0.2609 0.5770 
 46.7267 0.0717 0.0712 0.0100 0.0093 0.2609 0.5770 
 46.7868 0.0718 0.0710 0.0100 0.0093 0.2609 0.5770 
 46.8468 0.0718 0.0710 0.0100 0.0093 0.2609 0.5770 
 46.9069 0.0718 0.0711 0.0100 0.0093 0.2609 0.5770 
 46.9670 0.0718 0.0710 0.0100 0.0093 0.2609 0.5770 
 47.0270 0.0718 0.0710 0.0100 0.0093 0.2609 0.5770 
 47.0871 0.0717 0.0711 0.0100 0.0093 0.2609 0.5770 
 47.1471 0.0718 0.0710 0.0100 0.0093 0.2609 0.5770 
 47.2072 0.0718 0.0710 0.0100 0.0093 0.2609 0.5770 
 47.2673 0.0717 0.0711 0.0100 0.0093 0.2609 0.5770 
 47.3273 0.0719 0.0710 0.0100 0.0093 0.2609 0.5770 
 47.3874 0.0718 0.0711 0.0100 0.0093 0.2609 0.5770 
 47.4474 0.0717 0.0711 0.0100 0.0093 0.2609 0.5770 
 47.5075 0.0718 0.0710 0.0100 0.0093 0.2609 0.5770 
 47.5676 0.0718 0.0710 0.0100 0.0093 0.2609 0.5770 
 47.6276 0.0717 0.0711 0.0100 0.0093 0.2609 0.5770 
 47.6877 0.0718 0.0710 0.0100 0.0093 0.2609 0.5770 
 47.7477 0.0718 0.0711 0.0100 0.0093 0.2609 0.5770 
 47.8078 0.0718 0.0711 0.0100 0.0093 0.2609 0.5770 
 47.8679 0.0718 0.0710 0.0100 0.0093 0.2609 0.5770 
 47.9279 0.0717 0.0712 0.0100 0.0093 0.2609 0.5770 
 47.9880 0.0718 0.0711 0.0100 0.0093 0.2609 0.5770 
 48.0480 0.0718 0.0710 0.0100 0.0093 0.2609 0.5770 
 48.1081 0.0718 0.0711 0.0100 0.0093 0.2609 0.5770 
 48.1682 0.0718 0.0711 0.0100 0.0093 0.2609 0.5770 
 48.2282 0.0719 0.0710 0.0100 0.0093 0.2609 0.5770 
 48.2883 0.0718 0.0711 0.0100 0.0093 0.2609 0.5770 
 48.3483 0.0718 0.0711 0.0100 0.0093 0.2609 0.5770 
 48.4084 0.0718 0.0710 0.0100 0.0093 0.2609 0.5770 
 48.4685 0.0718 0.0711 0.0100 0.0093 0.2609 0.5770 
 48.5285 0.0718 0.0710 0.0100 0.0093 0.2609 0.5770 
 48.5886 0.0718 0.0711 0.0100 0.0093 0.2609 0.5770 
 48.6486 0.0717 0.0711 0.0100 0.0093 0.2609 0.5770 
 48.7087 0.0718 0.0710 0.0100 0.0093 0.2609 0.5770 
 48.7688 0.0717 0.0711 0.0100 0.0093 0.2609 0.5770 
 48.8288 0.0717 0.0711 0.0100 0.0093 0.2609 0.5770 
 48.8889 0.0718 0.0710 0.0100 0.0093 0.2609 0.5770 
 48.9489 0.0718 0.0711 0.0100 0.0093 0.2609 0.5770 
 49.0090 0.0718 0.0711 0.0100 0.0093 0.2609 0.5770 
 49.0691 0.0718 0.0710 0.0100 0.0093 0.2609 0.5770 
 49.1291 0.0718 0.0711 0.0100 0.0093 0.2609 0.5770 
 49.1892 0.0718 0.0711 0.0100 0.0093 0.2609 0.5770 
 49.2492 0.0718 0.0710 0.0100 0.0093 0.2609 0.5770 
 49.3093 0.0718 0.0710 0.0100 0.0093 0.2609 0.5770 
 49.3694 0.0718 0.0711 0.0100 0.0093 0.2609 0.5770 
 49.4294 0.0719 0.0710 0.0100 0.0093 0.2609 0.5770 
 49.4895 0.0717 0.0712 0.0100 0.0093 0.2609 0.5770 
 49.5495 0.0718 0.0710 0.0100 0.0093 0.2609 0.5770 
 49.6096 0.0719 0.0710 0.0100 0.0093 0.2609 0.5770 
 49.6697 0.0718 0.0711 0.0100 0.0093 0.2609 0.5770 
 49.7297 0.0718 0.0710 0.0100 0.0093 0.2609 0.5770 
 49.7898 0.0718 0.0710 0.0100 0.0093 0.2609 0.5770 
 49.8498 0.0717 0.0711 0.0100 0.0093 0.2609 0.5770 
 49.9099 0.0718 0.0710 0.0100 0.0093 0.2609 0.5770 
 49.9700 0.0718 0.0711 0.0100 0.0093 0.2609 0.5770 
 50.0300 0.0717 0.0711 0.0100 0.0093 0.2609 0.5770 
 50.0901 0.0718 0.0710 0.0100 0.0093 0.2609 0.5770 
 50.1502 0.0718 0.0710 0.0100 0.0093 0.2609 0.5770 
 50.2102 0.0718 0.0711 0.0100 0.0093 0.2609 0.5770 
 50.2703 0.0718 0.0710 0.0100 0.0093 0.2609 0.5770 
 50.3303 0.0718 0.0710 0.0100 0.0093 0.2609 0.5770 
 50.3904 0.0718 0.0711 0.0100 0.0093 0.2609 0.5770 
 50.4505 0.0718 0.0710 0.0100 0.0093 0.2609 0.5770 
 50.5105 0.0718 0.0710 0.0100 0.0093 0.2609 0.5770 
 50.5706 0.0718 0.0711 0.0100 0.0093 0.2609 0.5770 
 50.6306 0.0719 0.0710 0.0100 0.0093 0.2609 0.5770 
 50.6907 0.0717 0.0711 0.0100 0.0093 0.2609 0.5770 
 50.7508 0.0718 0.0711 0.0100 0.0093 0.2609 0.5770 
 50.8108 0.0718 0.0710 0.0100 0.0093 0.2609 0.5770 
 50.8709 0.0717 0.0712 0.0100 0.0093 0.2609 0.5770 
 50.9309 0.0718 0.0710 0.0100 0.0093 0.2609 0.5770 
 50.9910 0.0718 0.0710 0.0100 0.0093 0.2609 0.5770 
 51.0511 0.0717 0.0711 0.0100 0.0093 0.2609 0.5770 
 51.1111 0.0718 0.0711 0.0100 0.0093 0.2609 0.5770 
 51.1712 0.0718 0.0710 0.0100 0.0093 0.2609 0.5770 
 51.2312 0.0718 0.0711 0.0100 0.0093 0.2609 0.5770 
 51.2913 0.0718 0.0710 0.0100 0.0093 0.2609 0.5770 
 51.3514 0.0718 0.0710 0.0100 0.0093 0.2609 0.5770 
 51.4114 0.0718 0.0711 0.0100 0.0093 0.2609 0.5770 
 51.4715 0.0718 0.0710 0.0100 0.0093 0.2609 0.5770 
 51.5315 0.0718 0.0710 0.0100 0.0093 0.2609 0.5770 
 51.5916 0.0717 0.0711 0.0100 0.0093 0.2609 0.5770 
 51.6517 0.0719 0.0709 0.0100 0.0093 0.2609 0.5770 
 51.7117 0.0718 0.0710 0.0100 0.0093 0.2609 0.5770 
 51.7718 0.0718 0.0711 0.0100 0.0093 0.2609 0.5770 
 51.8318 0.0719 0.0710 0.0100 0.0093 0.2609 0.5770 
 51.8919 0.0717 0.0711 0.0100 0.0093 0.2609 0.5770 
 51.9520 0.0718 0.0711 0.0100 0.0093 0.2609 0.5770 
 52.0120 0.0718 0.0710 0.0100 0.0093 0.2609 0.5770 
 52.0721 0.0717 0.0711 0.0100 0.0093 0.2609 0.5770 
 52.1321 0.0718 0.0710 0.0100 0.0093 0.2609 0.5770 
 52.1922 0.0718 0.0710 0.0100 0.0093 0.2609 0.5770 
 52.2523 0.0718 0.0711 0.0100 0.0093 0.2609 0.5770 
 52.3123 0.0718 0.0711 0.0100 0.0093 0.2609 0.5770 
 52.3724 0.0718 0.0710 0.0100 0.0093 0.2609 0.5770 
 52.4324 0.0718 0.0711 0.0100 0.0093 0.2609 0.5770 
 52.4925 0.0718 0.0710 0.0100 0.0093 0.2609 0.5770 
 52.5526 0.0719 0.0710 0.0100 0.0093 0.2609 0.5770 
 52.6126 0.0718 0.0711 0.0100 0.0093 0.2609 0.5770 
 52.6727 0.0718 0.0710 0.0100 0.0093 0.2609 0.5770 
 52.7327 0.0719 0.0710 0.0100 0.0093 0.2609 0.5770 
 52.7928 0.0717 0.0711 0.0100 0.0093 0.2609 0.5770 
 52.8529 0.0718 0.0710 0.0100 0.0093 0.2609 0.5770 
 52.9129 0.0717 0.0711 0.0100 0.0093 0.2609 0.5770 
 52.9730 0.0717 0.0711 0.0100 0.0093 0.2609 0.5770 
 53.0330 0.0719 0.0710 0.0100 0.0093 0.2609 0.5770 
 53.0931 0.0717 0.0711 0.0100 0.0093 0.2609 0.5770 
 53.1532 0.0718 0.0711 0.0100 0.0093 0.2609 0.5770 
 53.2132 0.0718 0.0710 0.0100 0.0093 0.2609 0.5770 
 53.2733 0.0718 0.0710 0.0100 0.0093 0.2609 0.5770 
 53.3333 0.0718 0.0711 0.0100 0.0093 0.2609 0.5770 
 53.3934 0.0718 0.0710 0.0100 0.0093 0.2609 0.5770 
 53.4535 0.0718 0.0711 0.0100 0.0093 0.2609 0.5770 
 53.5135 0.0718 0.0711 0.0100 0.0093 0.2609 0.5770 
 53.5736 0.0718 0.0710 0.0100 0.0093 0.2609 0.5770 
 53.6336 0.0718 0.0711 0.0100 0.0093 0.2609 0.5770 
 53.6937 0.0718 0.0710 0.0100 0.0093 0.2609 0.5770 
 53.7538 0.0719 0.0710 0.0100 0.0093 0.2609 0.5770 
 53.8138 0.0717 0.0711 0.0100 0.0093 0.2609 0.5770 
 53.8739 0.0718 0.0711 0.0100 0.0093 0.2609 0.5770 
 53.9339 0.0719 0.0710 0.0100 0.0093 0.2609 0.5770 
 53.9940 0.0717 0.0712 0.0100 0.0093 0.2609 0.5770 
 54.0541 0.0718 0.0710 0.0100 0.0093 0.2609 0.5770 
 54.1141 0.0718 0.0710 0.0100 0.0093 0.2609 0.5770 
 54.1742 0.0717 0.0711 0.0100 0.0093 0.2609 0.5770 
 54.2342 0.0719 0.0710 0.0100 0.0093 0.2609 0.5770 
 54.2943 0.0718 0.0711 0.0100 0.0093 0.2609 0.5770 
 54.3544 0.0717 0.0711 0.0100 0.0093 0.2609 0.5770 
 54.4144 0.0718 0.0710 0.0100 0.0093 0.2609 0.5770 
 54.4745 0.0718 0.0710 0.0100 0.0093 0.2609 0.5770 
 54.5345 0.0718 0.0711 0.0100 0.0093 0.2609 0.5770 
 54.5946 0.0719 0.0710 0.0100 0.0093 0.2609 0.5770 
 54.6547 0.0718 0.0710 0.0100 0.0093 0.2609 0.5770 
 54.7147 0.0718 0.0711 0.0100 0.0093 0.2609 0.5770 
 54.7748 0.0718 0.0710 0.0100 0.0093 0.2609 0.5770 
 54.8348 0.0718 0.0711 0.0100 0.0093 0.2609 0.5770 
 54.8949 0.0718 0.0711 0.0100 0.0093 0.2609 0.5770 
 54.9550 0.0718 0.0710 0.0100 0.0093 0.2609 0.5770 
 55.0150 0.0717 0.0712 0.0100 0.0093 0.2609 0.5770 
 55.0751 0.0718 0.0710 0.0100 0.0093 0.2609 0.5770 
 55.1351 0.0719 0.0710 0.0100 0.0093 0.2609 0.5770 
 55.1952 0.0717 0.0712 0.0100 0.0093 0.2609 0.5770 
 55.2553 0.0718 0.0710 0.0100 0.0093 0.2609 0.5770 
 55.3153 0.0718 0.0710 0.0100 0.0093 0.2609 0.5770 
 55.3754 0.0718 0.0711 0.0100 0.0093 0.2609 0.5770 
 55.4354 0.0718 0.0710 0.0100 0.0093 0.2609 0.5770 
 55.4955 0.0718 0.0710 0.0100 0.0093 0.2609 0.5770 
 55.5556 0.0717 0.0711 0.0100 0.0093 0.2609 0.5770 
 55.6156 0.0718 0.0710 0.0100 0.0093 0.2609 0.5770 
 55.6757 0.0718 0.0710 0.0100 0.0093 0.2609 0.5770 
 55.7357 0.0717 0.0711 0.0100 0.0093 0.2609 0.5770 
 55.7958 0.0719 0.0710 0.0100 0.0093 0.2609 0.5770 
 55.8559 0.0718 0.0711 0.0100 0.0093 0.2609 0.5770 
 55.9159 0.0717 0.0711 0.0100 0.0093 0.2609 0.5770 
 55.9760 0.0718 0.0710 0.0100 0.0093 0.2609 0.5770 
 56.0360 0.0718 0.0710 0.0100 0.0093 0.2609 0.5770 
 56.0961 0.0718 0.0711 0.0100 0.0093 0.2609 0.5770 
 56.1562 0.0718 0.0710 0.0100 0.0093 0.2609 0.5770 
 56.2162 0.0718 0.0711 0.0100 0.0093 0.2609 0.5770 
 56.2763 0.0718 0.0711 0.0100 0.0093 0.2609 0.5770 
 56.3363 0.0718 0.0710 0.0100 0.0093 0.2609 0.5770 
 56.3964 0.0717 0.0712 0.0100 0.0093 0.2609 0.5770 
 56.4565 0.0718 0.0711 0.0100 0.0093 0.2609 0.5770 
 56.5165 0.0718 0.0710 0.0100 0.0093 0.2609 0.5770 
 56.5766 0.0718 0.0711 0.0100 0.0093 0.2609 0.5770 
 56.6366 0.0718 0.0711 0.0100 0.0093 0.2609 0.5770 
 56.6967 0.0719 0.0710 0.0100 0.0093 0.2609 0.5770 
 56.7568 0.0718 0.0711 0.0100 0.0093 0.2609 0.5770 
 56.8168 0.0718 0.0710 0.0100 0.0093 0.2609 0.5770 
 56.8769 0.0718 0.0710 0.0100 0.0093 0.2609 0.5770 
 56.9369 0.0717 0.0711 0.0100 0.0093 0.2609 0.5770 
 56.9970 0.0719 0.0710 0.0100 0.0093 0.2609 0.5770 
 57.0571 0.0718 0.0711 0.0100 0.0093 0.2609 0.5770 
 57.1171 0.0717 0.0711 0.0100 0.0093 0.2609 0.5770 
 57.1772 0.0719 0.0709 0.0100 0.0093 0.2609 0.5770 
 57.2372 0.0718 0.0710 0.0100 0.0093 0.2609 0.5770 
 57.2973 0.0717 0.0711 0.0100 0.0093 0.2609 0.5770 
 57.3574 0.0718 0.0710 0.0100 0.0093 0.2609 0.5770 
 57.4174 0.0718 0.0711 0.0100 0.0093 0.2609 0.5770 
 57.4775 0.0718 0.0711 0.0100 0.0093 0.2609 0.5770 
 57.5375 0.0718 0.0710 0.0100 0.0093 0.2609 0.5770 
 57.5976 0.0718 0.0711 0.0100 0.0093 0.2609 0.5770 
 57.6577 0.0718 0.0711 0.0100 0.0093 0.2609 0.5770 
 57.7177 0.0718 0.0710 0.0100 0.0093 0.2609 0.5770 
 57.7778 0.0718 0.0711 0.0100 0.0093 0.2609 0.5770 
 57.8378 0.0718 0.0711 0.0100 0.0093 0.2609 0.5770 
 57.8979 0.0719 0.0710 0.0100 0.0093 0.2609 0.5770 
 57.9580 0.0717 0.0712 0.0100 0.0093 0.2609 0.5770 
 58.0180 0.0718 0.0710 0.0100 0.0093 0.2609 0.5770 
 58.0781 0.0718 0.0710 0.0100 0.0093 0.2609 0.5770 
 58.1381 0.0718 0.0711 0.0100 0.0093 0.2609 0.5770 
 58.1982 0.0718 0.0710 0.0100 0.0093 0.2609 0.5770 
 58.2583 0.0718 0.0711 0.0100 0.0093 0.2609 0.5770 
 58.3183 0.0717 0.0711 0.0100 0.0093 0.2609 0.5770 
 58.3784 0.0718 0.0710 0.0100 0.0093 0.2609 0.5770 
 58.4384 0.0718 0.0711 0.0100 0.0093 0.2609 0.5770 
 58.4985 0.0717 0.0711 0.0100 0.0093 0.2609 0.5770 
 58.5586 0.0718 0.0710 0.0100 0.0093 0.2609 0.5770 
 58.6186 0.0718 0.0711 0.0100 0.0093 0.2609 0.5770 
 58.6787 0.0718 0.0711 0.0100 0.0093 0.2609 0.5770 
 58.7387 0.0718 0.0710 0.0100 0.0093 0.2609 0.5770 
 58.7988 0.0718 0.0710 0.0100 0.0093 0.2609 0.5770 
 58.8589 0.0718 0.0711 0.0100 0.0093 0.2609 0.5770 
 58.9189 0.0718 0.0710 0.0100 0.0093 0.2609 0.5770 
 58.9790 0.0718 0.0710 0.0100 0.0093 0.2609 0.5770 
 59.0390 0.0718 0.0711 0.0100 0.0093 0.2609 0.5770 
 59.0991 0.0719 0.0710 0.0100 0.0093 0.2609 0.5770 
 59.1592 0.0717 0.0711 0.0100 0.0093 0.2609 0.5770 
 59.2192 0.0718 0.0710 0.0100 0.0093 0.2609 0.5770 
 59.2793 0.0719 0.0710 0.0100 0.0093 0.2609 0.5770 
 59.3393 0.0718 0.0711 0.0100 0.0093 0.2609 0.5770 
 59.3994 0.0718 0.0710 0.0100 0.0093 0.2609 0.5770 
 59.4595 0.0718 0.0710 0.0100 0.0093 0.2609 0.5770 
 59.5195 0.0717 0.0711 0.0100 0.0093 0.2609 0.5770 
 59.5796 0.0718 0.0710 0.0100 0.0093 0.2609 0.5770 
 59.6396 0.0718 0.0710 0.0100 0.0093 0.2609 0.5770 
 59.6997 0.0718 0.0711 0.0100 0.0093 0.2609 0.5770 
 59.7598 0.0718 0.0710 0.0100 0.0093 0.2609 0.5770 
 59.8198 0.0718 0.0710 0.0100 0.0093 0.2609 0.5770 
 59.8799 0.0718 0.0711 0.0100 0.0093 0.2609 0.5770 
 59.9399 0.0718 0.0710 0.0100 0.0093 0.2609 0.5770 
 60.0000 0.0718 0.0711 0.0100 0.0093 0.2609 0.5770 
