# G1: Gain entanglement and not switch chirality (e.g. 0 to 1)
# G2: Gain entanglement and switch chirality (e.g. -1 to 2)
# G3: Lose entanglement and not switch chirality (e.g. -2 to -1)
# G4: Lose entanglement and switch chirality (e.g. -2 to 1)
# G5: Only switch chirality (e.g. -1 to 1)
# fGtot: Total number of change of entanglement / Total number of native contacts in this structure
# Total native contact: 481
 max_g     G1     G2     G3     G4     G5  fGtot
  -1,1      1      0      1      0      0 0.0054
   0,1      0      0      1      0      0 0.0027
   0,1      2      0      0      0      0 0.0055
   0,1      0      0      0      0      0 0.0000
   0,1      0      0      1      0      0 0.0028
   0,1      0      0      0      0      0 0.0000
   0,1      0      0      1      0      0 0.0027
   0,1      0      0      1      0      0 0.0028
   0,1      1      0      1      0      0 0.0058
   0,1      0      0      1      0      0 0.0027
   0,1      2      0      0      0      0 0.0055
   0,1      0      0      1      0      0 0.0027
   0,1      2      0      0      0      0 0.0055
   0,1      0      0      1      0      0 0.0028
   0,1      0      0      1      0      0 0.0028
   0,1      0      0      1      0      0 0.0028
   0,1      0      0      1      0      0 0.0027
  -1,1      1      0      0      0      0 0.0027
   0,1      0      0      1      0      0 0.0028
   0,1      0      0      1      0      0 0.0027
   0,1      0      0      1      0      0 0.0028
   0,1      2      0      0      0      0 0.0055
   0,1      1      0      0      0      0 0.0026
   0,1      0      0      0      0      0 0.0000
   0,1      0      0      1      0      0 0.0027
   0,1      0      0      0      0      0 0.0000
   0,1      3      0      1      0      0 0.0107
   0,1      0      0      1      0      0 0.0026
   0,1      2      0      1      0      0 0.0078
   0,1      0      0      1      0      0 0.0027
   0,1      0      0      1      0      0 0.0026
   0,1      1      0      2      0      0 0.0077
  -1,1      1      0      2      0      0 0.0077
  -1,1      2      0      1      0      0 0.0079
   0,1      0      0      1      0      0 0.0026
   0,1      0      0      1      0      0 0.0026
   0,1      0      0      2      0      0 0.0051
   0,1      2      0      0      0      0 0.0056
   0,1      0      0      1      0      0 0.0027
   0,1      3      0      0      0      0 0.0082
   0,1      0      0      0      0      0 0.0000
   0,1      0      0      1      0      0 0.0028
   0,1      3      0      1      0      0 0.0110
   0,1      0      0      1      0      0 0.0030
   0,1      0      0      1      0      0 0.0028
   0,1      0      0      1      0      0 0.0029
   0,1      0      0      1      0      0 0.0028
   0,1      0      0      0      0      0 0.0000
   0,1      0      0      0      0      0 0.0000
  -1,1      1      0      1      0      0 0.0055
   0,1      1      0      1      0      0 0.0056
   0,1      0      0      1      0      0 0.0028
   0,1      0      0      1      0      0 0.0027
   0,1      0      0      0      0      0 0.0000
   0,1      0      0      1      0      0 0.0028
   0,1      0      0      1      0      0 0.0028
   0,1      0      0      1      0      0 0.0028
   0,1      0      0      1      0      0 0.0027
   0,1      0      0      0      0      0 0.0000
   0,1      3      0      1      0      0 0.0115
   0,1      0      0      1      0      0 0.0027
   0,1      0      0      1      0      0 0.0029
   0,1      0      0      1      0      0 0.0029
   0,1      0      0      0      0      0 0.0000
   0,1      0      0      1      0      0 0.0028
   0,1      0      0      1      0      0 0.0028
   0,1      0      0      1      0      0 0.0028
   0,1      0      0      1      0      0 0.0027
   0,1      0      0      0      0      0 0.0000
   0,1      0      0      1      0      0 0.0028
   0,1      0      0      2      0      0 0.0056
   0,1      0      0      1      0      0 0.0028
   0,1      0      0      1      0      0 0.0028
   0,1      3      0      0      0      0 0.0085
   0,1      0      0      1      0      0 0.0029
   0,1      0      0      0      0      0 0.0000
   0,1      1      0      0      0      0 0.0030
   0,1      0      0      0      0      0 0.0000
   0,1      0      0      1      0      0 0.0028
   0,1      0      0      1      0      0 0.0027
   0,1      1      0      0      0      0 0.0026
   0,1      0      0      0      0      0 0.0000
   0,1      0      0      0      0      0 0.0000
  -1,1      2      0      0      0      0 0.0054
   0,1      0      0      1      0      0 0.0028
   0,1      0      0      1      0      0 0.0027
   0,1      0      0      0      0      0 0.0000
   0,1      0      0      0      0      0 0.0000
   0,1      0      0      0      0      0 0.0000
   0,1      2      0      1      0      0 0.0082
   0,1      0      0      0      0      0 0.0000
   0,1      0      0      1      0      0 0.0029
   0,1      0      0      0      0      0 0.0000
   0,1      0      0      0      0      0 0.0000
   0,1      0      0      0      0      0 0.0000
   0,1      2      0      1      0      0 0.0083
   0,1      2      0      1      0      0 0.0077
   0,1      1      0      0      0      0 0.0026
   0,1      0      0      1      0      0 0.0027
  -1,1      1      0      1      0      0 0.0053
   0,1      0      0      1      0      0 0.0027
   0,1      0      0      0      0      0 0.0000
   0,1      0      0      1      0      0 0.0027
   0,1      1      0      1      0      0 0.0053
   0,1      0      0      1      0      0 0.0028
   0,1      0      0      1      0      0 0.0028
  -1,1      3      0      0      0      0 0.0083
   0,1      2      0      1      0      0 0.0081
   0,1      1      0      1      0      0 0.0054
   0,1      1      0      1      0      0 0.0054
   0,1      1      0      2      0      0 0.0083
   0,1      2      0      1      0      0 0.0080
   0,1      3      0      1      0      0 0.0106
   0,1      3      0      0      0      0 0.0078
   0,1      0      0      1      0      0 0.0027
   0,1      2      0      1      0      0 0.0084
   0,1      0      0      1      0      0 0.0026
   0,1      1      0      1      0      0 0.0054
  -1,1      3      0      0      0      0 0.0076
  -1,1      3      0      0      0      0 0.0079
   0,1      3      0      0      0      0 0.0083
   0,1      0      0      1      0      0 0.0028
   0,1      3      0      1      0      0 0.0104
   0,1      0      0      1      0      0 0.0026
   0,1      0      0      1      0      0 0.0026
   0,1      2      0      0      0      0 0.0053
   0,1      1      0      1      0      0 0.0055
   0,1      0      0      1      0      0 0.0028
   0,1      3      0      0      0      0 0.0081
   0,1      0      0      0      0      0 0.0000
   0,1      2      0      0      0      0 0.0054
   0,1      0      0      1      0      0 0.0027
  -1,1      1      0      1      0      0 0.0054
  -1,1      2      0      1      0      0 0.0079
  -1,1      1      0      1      0      0 0.0056
   0,1      0      0      1      0      0 0.0027
  -1,1      1      0      1      0      0 0.0052
   0,1      0      0      1      0      0 0.0027
   0,1      0      0      0      0      0 0.0000
   0,1      0      0      1      0      0 0.0028
   0,1      2      0      1      0      0 0.0078
   0,1      0      0      1      0      0 0.0026
   0,1      0      0      0      0      0 0.0000
   0,1      0      0      1      0      0 0.0026
   0,1      3      0      1      0      0 0.0108
   0,1      0      0      0      0      0 0.0000
   0,1      0      0      0      0      0 0.0000
   0,1      0      0      1      0      0 0.0025
   0,1      2      0      1      0      0 0.0083
   0,1      0      0      0      0      0 0.0000
   0,1      0      0      0      0      0 0.0000
   0,1      2      0      0      0      0 0.0057
   0,1      0      0      1      0      0 0.0029
   0,1      0      0      1      0      0 0.0029
   0,1      0      0      1      0      0 0.0029
   0,1      3      0      1      0      0 0.0114
   0,1      0      0      1      0      0 0.0030
   0,1      0      0      1      0      0 0.0029
   0,1      0      0      1      0      0 0.0029
   0,1      0      0      1      0      0 0.0029
   0,1      0      0      1      0      0 0.0028
   0,1      0      0      1      0      0 0.0028
   0,1      0      0      1      0      0 0.0029
   0,1      0      0      0      0      0 0.0000
   0,1      0      0      1      0      0 0.0029
   0,1      0      0      1      0      0 0.0030
   0,1      1      0      1      0      0 0.0060
   0,1      0      0      1      0      0 0.0029
   0,1      0      0      0      0      0 0.0000
   0,1      0      0      0      0      0 0.0000
   0,1      1      0      0      0      0 0.0028
   0,1      3      0      0      0      0 0.0087
   0,1      0      0      0      0      0 0.0000
   0,1      0      0      0      0      0 0.0000
   0,1      3      0      1      0      0 0.0110
   0,1      2      0      1      0      0 0.0085
   0,1      0      0      1      0      0 0.0027
  -1,1      1      0      1      0      0 0.0055
   0,1      0      0      1      0      0 0.0028
   0,1      2      0      0      0      0 0.0057
   0,1      0      0      1      0      0 0.0028
   0,1      0      0      1      0      0 0.0028
   0,1      2      0      1      0      0 0.0080
   0,1      0      0      1      0      0 0.0028
   0,1      0      0      1      0      0 0.0027
   0,1      0      0      1      0      0 0.0027
   0,1      0      0      1      0      0 0.0027
   0,1      0      0      1      0      0 0.0028
   0,1      0      0      1      0      0 0.0027
  -1,1      4      0      0      0      0 0.0103
   0,1      2      0      1      0      0 0.0079
   0,1      2      0      1      0      0 0.0076
   0,1      0      0      1      0      0 0.0027
   0,1      2      0      1      0      0 0.0080
   0,1      2      0      1      0      0 0.0081
   0,1      2      0      1      0      0 0.0078
   0,1      1      0      1      0      0 0.0052
   0,1      0      0      1      0      0 0.0026
   0,1      0      0      0      0      0 0.0000
   0,1      3      0      1      0      0 0.0104
  -1,1      1      0      1      0      0 0.0054
   0,1      0      0      0      0      0 0.0000
   0,1      0      0      1      0      0 0.0027
  -1,1      2      0      1      0      0 0.0077
   0,1      0      0      1      0      0 0.0026
   0,1      0      0      1      0      0 0.0028
  -1,1      1      0      0      0      0 0.0026
   0,1      0      0      2      0      0 0.0056
   0,1      0      0      1      0      0 0.0027
   0,1      0      0      1      0      0 0.0027
   0,1      0      0      1      0      0 0.0027
  -1,1      1      0      1      0      0 0.0053
   0,1      0      0      1      0      0 0.0028
   0,1      0      0      1      0      0 0.0029
   0,1      0      0      1      0      0 0.0027
  -1,1      4      0      0      0      0 0.0110
   0,1      0      0      1      0      0 0.0027
   0,1      0      0      1      0      0 0.0027
  -1,1      2      0      1      0      0 0.0079
  -1,1      1      0      1      0      0 0.0055
   0,1      0      0      1      0      0 0.0026
   0,1      0      0      1      0      0 0.0026
   0,1      0      0      1      0      0 0.0028
   0,1      0      0      1      0      0 0.0027
   0,1      0      0      1      0      0 0.0029
   0,1      0      0      1      0      0 0.0029
   0,1      0      0      1      0      0 0.0028
   0,1      0      0      0      0      0 0.0000
   0,1      0      0      1      0      0 0.0028
   0,1      0      0      1      0      0 0.0028
  -1,1      1      0      1      0      0 0.0053
   0,1      2      0      0      0      0 0.0054
   0,1      0      0      1      0      0 0.0027
   0,1      3      0      0      0      0 0.0079
   0,1      2      0      1      0      0 0.0082
   0,1      0      0      0      0      0 0.0000
  -1,1      1      0      1      0      0 0.0054
   0,1      0      0      1      0      0 0.0027
   0,1      2      0      0      0      0 0.0053
   0,1      0      0      1      0      0 0.0028
  -1,1      3      0      0      0      0 0.0080
   0,1      0      0      1      0      0 0.0027
   0,1      0      0      0      0      0 0.0000
   0,1      3      0      1      0      0 0.0105
  -1,1      1      0      0      0      0 0.0027
   0,1      0      0      1      0      0 0.0028
   0,1      3      0      1      0      0 0.0107
   0,1      0      0      1      0      0 0.0025
   0,1      2      0      0      0      0 0.0053
   0,1      1      0      0      0      0 0.0026
   0,1      0      0      0      0      0 0.0000
   0,1      3      0      0      0      0 0.0079
   0,1      2      0      0      0      0 0.0051
   0,1      3      0      1      0      0 0.0107
   0,1      0      0      1      0      0 0.0026
   0,1      0      0      1      0      0 0.0029
   0,1      0      0      1      0      0 0.0028
   0,1      0      0      1      0      0 0.0028
   0,1      0      0      0      0      0 0.0000
   0,1      0      0      0      0      0 0.0000
   0,1      0      0      0      0      0 0.0000
   0,1      1      0      1      0      0 0.0055
   0,1      0      0      0      0      0 0.0000
  -1,1      1      0      4      0      0 0.0136
   0,1      2      0      1      0      0 0.0080
   0,1      0      0      0      0      0 0.0000
   0,1      3      0      1      0      0 0.0101
   0,1      1      0      1      0      0 0.0054
  -1,1      2      0      1      0      0 0.0082
  -1,1      1      0      1      0      0 0.0055
   0,1      0      0      1      0      0 0.0027
   0,1      0      0      1      0      0 0.0026
   0,1      0      0      1      0      0 0.0028
   0,1      0      0      0      0      0 0.0000
  -1,1      1      0      1      0      0 0.0053
   0,1      0      0      1      0      0 0.0026
   0,1      2      0      1      0      0 0.0088
   0,1      2      0      0      0      0 0.0054
   0,1      0      0      1      0      0 0.0027
   0,1      2      0      0      0      0 0.0055
   0,1      0      0      1      0      0 0.0026
   0,1      0      0      0      0      0 0.0000
   0,1      0      0      1      0      0 0.0027
   0,1      0      0      0      0      0 0.0000
   0,1      1      0      1      0      0 0.0057
   0,1      0      0      1      0      0 0.0028
   0,1      0      0      1      0      0 0.0027
   0,1      0      0      0      0      0 0.0000
   0,1      3      0      0      0      0 0.0086
   0,1      2      0      2      0      0 0.0107
   0,1      3      0      0      0      0 0.0080
   0,1      3      0      1      0      0 0.0106
   0,1      3      0      1      0      0 0.0108
   0,1      0      0      0      0      0 0.0000
   0,1      1      0      0      0      0 0.0025
   0,1      0      0      2      0      0 0.0051
   0,1      0      0      0      0      0 0.0000
   0,1      0      0      0      0      0 0.0000
   0,1      1      0      1      0      0 0.0056
   0,1      2      0      1      0      0 0.0082
   0,1      1      0      0      0      0 0.0027
   0,1      2      0      1      0      0 0.0086
   0,1      3      0      1      0      0 0.0116
   0,1      0      0      1      0      0 0.0028
   0,1      0      0      1      0      0 0.0029
   0,1      0      0      1      0      0 0.0029
   0,1      0      0      1      0      0 0.0029
   0,1      0      0      0      0      0 0.0000
   0,1      2      0      0      0      0 0.0059
   0,1      0      0      1      0      0 0.0029
   0,1      0      0      1      0      0 0.0028
   0,1      1      0      1      0      0 0.0061
   0,1      0      0      1      0      0 0.0030
   0,1      2      0      1      0      0 0.0092
   0,1      0      0      1      0      0 0.0031
   0,1      0      0      1      0      0 0.0027
   0,1      0      0      1      0      0 0.0028
   0,1      0      0      1      0      0 0.0028
   0,1      0      0      1      0      0 0.0028
   0,1      0      0      2      0      0 0.0056
   0,1      2      0      1      0      0 0.0083
   0,1      0      0      1      0      0 0.0028
   0,1      0      0      1      0      0 0.0029
   0,1      0      0      1      0      0 0.0028
  -1,1      1      0      1      0      0 0.0056
   0,1      1      0      2      0      0 0.0087
   0,1      0      0      1      0      0 0.0029
   0,1      0      0      1      0      0 0.0028
   0,1      0      0      1      0      0 0.0027
   0,1      0      0      1      0      0 0.0026
   0,1      0      0      1      0      0 0.0027
  -1,1      1      0      1      0      0 0.0053
   0,1      0      0      1      0      0 0.0026
   0,1      1      0      0      0      0 0.0029
  -1,1      1      0      1      0      0 0.0056
   0,1      0      0      1      0      0 0.0027
  -1,1      1      0      1      0      0 0.0052
  -1,1      2      0      1      0      0 0.0082
  -1,1      3      0      0      0      0 0.0079
  -1,1      1      0      0      0      0 0.0028
   0,1      0      0      1      0      0 0.0029
   0,1      3      0      0      0      0 0.0081
   0,1      0      0      1      0      0 0.0027
   0,1      3      0      1      0      0 0.0105
   0,1      2      0      0      0      0 0.0054
   0,1      0      0      1      0      0 0.0027
   0,1      0      0      1      0      0 0.0028
   0,1      0      0      1      0      0 0.0028
   0,1      1      0      1      0      0 0.0054
   0,1      2      0      0      0      0 0.0055
   0,1      2      0      0      0      0 0.0055
   0,1      1      0      0      0      0 0.0028
   0,1      1      0      0      0      0 0.0026
   0,1      0      0      1      0      0 0.0027
   0,1      3      0      0      0      0 0.0081
   0,1      0      0      1      0      0 0.0026
   0,1      2      0      0      0      0 0.0053
   0,1      0      0      1      0      0 0.0027
   0,1      0      0      1      0      0 0.0027
   0,1      2      0      1      0      0 0.0081
   0,1      0      0      1      0      0 0.0027
   0,1      1      0      0      0      0 0.0030
  -1,1      1      0      1      0      0 0.0060
  -1,1      1      0      0      0      0 0.0028
   0,1      0      0      1      0      0 0.0026
   0,1      2      0      1      0      0 0.0084
   0,1      3      0      1      0      0 0.0108
   0,1      0      0      1      0      0 0.0027
   0,1      0      0      1      0      0 0.0027
   0,1      0      0      1      0      0 0.0026
   0,1      0      0      1      0      0 0.0027
   0,1      2      0      1      0      0 0.0077
   0,1      2      0      0      0      0 0.0053
   0,1      2      0      1      0      0 0.0080
   0,1      0      0      0      0      0 0.0000
   0,1      0      0      0      0      0 0.0000
   0,1      0      0      0      0      0 0.0000
   0,1      1      0      3      0      0 0.0113
   0,1      0      0      1      0      0 0.0025
  -1,1      2      0      1      0      0 0.0085
   0,1      3      0      0      0      0 0.0087
   0,1      2      0      1      0      0 0.0081
   0,1      0      0      2      0      0 0.0051
   0,1      0      0      1      0      0 0.0026
   0,1      1      0      1      0      0 0.0054
   0,1      0      0      1      0      0 0.0026
   0,1      3      0      1      0      0 0.0106
   0,1      2      0      0      0      0 0.0056
   0,1      3      0      1      0      0 0.0111
   0,1      3      0      1      0      0 0.0104
   0,1      1      0      1      0      0 0.0052
   0,1      1      0      1      0      0 0.0053
   0,1      0      0      0      0      0 0.0000
   0,1      0      0      1      0      0 0.0026
   0,1      3      0      1      0      0 0.0108
   0,1      0      0      0      0      0 0.0000
   0,1      0      0      0      0      0 0.0000
   0,1      3      0      0      0      0 0.0083
   0,1      3      0      1      0      0 0.0109
   0,1      1      0      0      0      0 0.0028
  -1,1      1      0      3      0      0 0.0115
  -1,1      2      0      2      0      0 0.0114
   0,1      1      0      0      0      0 0.0028
  -1,1      2      0      0      0      0 0.0053
   0,1      0      0      1      0      0 0.0027
   0,1      0      0      1      0      0 0.0028
   0,1      0      0      1      0      0 0.0028
  -1,1      1      0      0      0      0 0.0027
   0,1      2      0      0      0      0 0.0057
   0,1      0      0      1      0      0 0.0029
   0,1      0      0      1      0      0 0.0028
   0,1      2      0      0      0      0 0.0058
   0,1      2      0      0      0      0 0.0058
   0,1      1      0      0      0      0 0.0031
  -1,1      3      0      0      0      0 0.0088
   0,1      2      0      1      0      0 0.0088
   0,1      1      0      0      0      0 0.0028
  -1,1      1      0      0      0      0 0.0029
   0,1      2      0      0      0      0 0.0058
  -1,1      1      0      0      0      0 0.0029
   0,1      0      0      1      0      0 0.0028
   0,1      0      0      1      0      0 0.0028
   0,1      0      0      1      0      0 0.0028
   0,1      0      0      1      0      0 0.0028
   0,1      0      0      1      0      0 0.0027
   0,1      1      0      0      0      0 0.0027
   0,1      0      0      0      0      0 0.0000
   0,1      0      0      1      0      0 0.0027
   0,1      0      0      1      0      0 0.0027
   0,1      0      0      1      0      0 0.0027
   0,1      0      0      1      0      0 0.0028
  -1,1      1      0      2      0      0 0.0082
   0,1      0      0      1      0      0 0.0027
   0,1      0      0      1      0      0 0.0028
   0,1      2      0      1      0      0 0.0085
   0,1      0      0      1      0      0 0.0026
   0,1      0      0      1      0      0 0.0027
   0,1      0      0      1      0      0 0.0028
   0,1      0      0      1      0      0 0.0027
   0,1      0      0      1      0      0 0.0028
   0,1      0      0      0      0      0 0.0000
   0,1      2      0      1      0      0 0.0084
   0,1      0      0      1      0      0 0.0028
   0,1      2      0      1      0      0 0.0081
   0,1      0      0      1      0      0 0.0028
   0,1      3      0      1      0      0 0.0109
   0,1      0      0      1      0      0 0.0027
   0,1      1      0      2      0      0 0.0079
   0,1      2      0      0      0      0 0.0054
   0,1      0      0      1      0      0 0.0028
   0,1      2      0      1      0      0 0.0081
   0,1      0      0      0      0      0 0.0000
   0,1      0      0      0      0      0 0.0000
   0,1      0      0      0      0      0 0.0000
   0,1      0      0      1      0      0 0.0027
  -1,1      1      0      1      0      0 0.0054
   0,1      0      0      1      0      0 0.0027
   0,1      0      0      1      0      0 0.0027
   0,1      0      0      1      0      0 0.0028
   0,1      1      0      1      0      0 0.0058
   0,1      0      0      1      0      0 0.0029
   0,1      0      0      0      0      0 0.0000
   0,1      0      0      1      0      0 0.0026
   0,1      0      0      1      0      0 0.0027
   0,1      3      0      1      0      0 0.0109
  -1,1      1      0      1      0      0 0.0053
   0,1      1      0      0      0      0 0.0026
   0,1      0      0      2      0      0 0.0053
   0,1      0      0      1      0      0 0.0027
   0,1      0      0      1      0      0 0.0027
   0,1      0      0      1      0      0 0.0026
  -1,1      1      0      1      0      0 0.0052
   0,1      0      0      0      0      0 0.0000
   0,1      3      0      1      0      0 0.0112
   0,1      0      0      1      0      0 0.0028
   0,1      0      0      1      0      0 0.0029
   0,1      0      0      1      0      0 0.0030
   0,1      0      0      1      0      0 0.0030
   0,1      0      0      1      0      0 0.0030
   0,1      0      0      1      0      0 0.0028
   0,1      0      0      1      0      0 0.0028
  -1,1      1      0      1      0      0 0.0057
   0,1      0      0      1      0      0 0.0029
   0,1      2      0      1      0      0 0.0089
   0,1      0      0      0      0      0 0.0000
   0,1      0      0      1      0      0 0.0027
  -1,1      2      0      0      0      0 0.0054
   0,1      2      0      0      0      0 0.0052
   0,1      2      0      0      0      0 0.0055
  -1,1      2      0      1      0      0 0.0081
   0,1      0      0      1      0      0 0.0028
   0,1      0      0      1      0      0 0.0027
   0,1      0      0      1      0      0 0.0026
   0,1      2      0      0      0      0 0.0053
   0,1      0      0      0      0      0 0.0000
   0,1      1      0      1      0      0 0.0054
   0,1      0      0      1      0      0 0.0028
   0,1      2      0      1      0      0 0.0085
   0,1      0      0      0      0      0 0.0000
   0,1      2      0      1      0      0 0.0083
   0,1      0      0      1      0      0 0.0027
   0,1      0      0      1      0      0 0.0028
   0,1      0      0      1      0      0 0.0028
   0,1      0      0      1      0      0 0.0027
  -1,1      1      0      1      0      0 0.0052
  -1,1      3      0      1      0      0 0.0104
   0,1      0      0      1      0      0 0.0027
   0,1      0      0      2      0      0 0.0056
   0,1      0      0      1      0      0 0.0028
  -1,1      1      0      1      0      0 0.0055
   0,1      0      0      1      0      0 0.0028
   0,1      0      0      1      0      0 0.0028
   0,1      0      0      0      0      0 0.0000
   0,1      0      0      1      0      0 0.0028
   0,1      0      0      1      0      0 0.0027
   0,1      3      0      0      0      0 0.0084
   0,1      0      0      0      0      0 0.0000
   0,1      0      0      1      0      0 0.0028
   0,1      2      0      0      0      0 0.0063
   0,1      3      0      1      0      0 0.0118
   0,1      0      0      1      0      0 0.0028
   0,1      0      0      0      0      0 0.0000
   0,1      1      0      0      0      0 0.0028
   0,1      1      0      0      0      0 0.0029
   0,1      2      0      0      0      0 0.0058
   0,1      1      0      0      0      0 0.0029
   0,1      0      0      0      0      0 0.0000
   0,1      2      0      0      0      0 0.0057
   0,1      3      0      1      0      0 0.0108
   0,1      0      0      1      0      0 0.0028
   0,1      0      0      1      0      0 0.0029
   0,1      2      0      1      0      0 0.0083
   0,1      0      0      0      0      0 0.0000
   0,1      0      0      1      0      0 0.0030
   0,1      0      0      1      0      0 0.0028
   0,1      0      0      0      0      0 0.0000
   0,1      0      0      0      0      0 0.0000
   0,1      0      0      1      0      0 0.0028
   0,1      0      0      1      0      0 0.0026
   0,1      1      0      1      0      0 0.0055
  -1,1      3      0      0      0      0 0.0081
   0,1      2      0      0      0      0 0.0054
   0,1      0      0      1      0      0 0.0028
   0,1      2      0      0      0      0 0.0054
   0,1      0      0      1      0      0 0.0027
  -1,1      1      0      1      0      0 0.0054
   0,1      3      0      0      0      0 0.0081
   0,1      0      0      1      0      0 0.0027
  -1,1      3      0      0      0      0 0.0078
   0,1      0      0      0      0      0 0.0000
   0,1      0      0      1      0      0 0.0026
   0,1      2      0      1      0      0 0.0077
   0,1      1      0      1      0      0 0.0052
   0,1      0      0      1      0      0 0.0027
   0,1      0      0      1      0      0 0.0030
   0,1      0      0      1      0      0 0.0028
   0,1      0      0      0      0      0 0.0000
   0,1      0      0      1      0      0 0.0027
  -1,1      2      0      0      0      0 0.0054
   0,1      1      0      1      0      0 0.0058
   0,1      0      0      0      0      0 0.0000
   0,1      0      0      1      0      0 0.0028
   0,1      0      0      1      0      0 0.0028
   0,1      0      0      1      0      0 0.0028
   0,1      0      0      1      0      0 0.0029
   0,1      0      0      1      0      0 0.0028
   0,1      2      0      1      0      0 0.0084
  -1,1      1      0      1      0      0 0.0055
   0,1      1      0      0      0      0 0.0028
  -1,1      1      0      1      0      0 0.0053
   0,1      0      0      0      0      0 0.0000
   0,1      1      0      0      0      0 0.0029
   0,1      0      0      1      0      0 0.0028
  -1,1      4      0      0      0      0 0.0111
   0,1      0      0      1      0      0 0.0028
   0,1      0      0      1      0      0 0.0028
   0,1      0      0      1      0      0 0.0026
   0,1      0      0      1      0      0 0.0028
   0,1      0      0      1      0      0 0.0026
   0,1      0      0      1      0      0 0.0028
   0,1      0      0      0      0      0 0.0000
  -1,1      2      0      3      0      0 0.0136
   0,1      1      0      0      0      0 0.0030
   0,1      1      0      0      0      0 0.0029
  -1,1      3      0      0      0      0 0.0089
   0,1      0      0      0      0      0 0.0000
   0,1      2      0      0      0      0 0.0057
   0,1      0      0      1      0      0 0.0028
   0,1      0      0      1      0      0 0.0029
   0,1      2      0      1      0      0 0.0087
   0,1      3      0      1      0      0 0.0116
   0,1      0      0      1      0      0 0.0029
   0,1      0      0      1      0      0 0.0028
   0,1      0      0      1      0      0 0.0029
   0,1      3      0      1      0      0 0.0114
   0,1      3      0      0      0      0 0.0090
  -1,1      2      0      0      0      0 0.0063
   0,1      0      0      0      0      0 0.0000
   0,1      3      0      0      0      0 0.0091
   0,1      1      0      0      0      0 0.0030
   0,1      3      0      0      0      0 0.0084
   0,1      2      0      0      0      0 0.0058
   0,1      1      0      0      0      0 0.0030
   0,1      1      0      0      0      0 0.0029
   0,1      2      0      0      0      0 0.0057
   0,1      2      0      0      0      0 0.0054
   0,1      3      0      1      0      0 0.0112
   0,1      1      0      0      0      0 0.0028
   0,1      3      0      0      0      0 0.0087
   0,1      3      0      0      0      0 0.0092
   0,1      0      0      1      0      0 0.0032
   0,1      0      0      0      0      0 0.0000
   0,1      0      0      1      0      0 0.0030
   0,1      0      0      1      0      0 0.0027
   0,1      0      0      1      0      0 0.0029
   0,1      0      0      1      0      0 0.0028
   0,1      0      0      1      0      0 0.0026
  -1,1      2      0      1      0      0 0.0080
   0,1      3      0      0      0      0 0.0082
   0,1      0      0      1      0      0 0.0027
   0,1      3      0      0      0      0 0.0085
   0,1      1      0      0      0      0 0.0029
   0,1      3      0      0      0      0 0.0082
  -1,1      4      0      0      0      0 0.0112
   0,1      3      0      0      0      0 0.0082
   0,1      0      0      0      0      0 0.0000
   0,1      0      0      0      0      0 0.0000
   0,1      1      0      0      0      0 0.0029
   0,1      1      0      0      0      0 0.0029
   0,1      1      0      0      0      0 0.0028
   0,1      0      0      0      0      0 0.0000
   0,1      0      0      0      0      0 0.0000
   0,1      1      0      0      0      0 0.0028
   0,1      1      0      0      0      0 0.0029
   0,1      2      0      0      0      0 0.0056
   0,1      0      0      1      0      0 0.0028
   0,1      0      0      1      0      0 0.0027
   0,1      0      0      1      0      0 0.0027
   0,1      2      0      1      0      0 0.0083
   0,1      0      0      1      0      0 0.0026
   0,1      0      0      1      0      0 0.0027
  -1,1      2      0      0      0      0 0.0053
   0,1      0      0      1      0      0 0.0027
   0,1      0      0      1      0      0 0.0028
   0,1      0      0      0      0      0 0.0000
  -1,1      1      0      1      0      0 0.0055
   0,1      0      0      1      0      0 0.0027
   0,1      0      0      0      0      0 0.0000
   0,1      0      0      1      0      0 0.0027
   0,1      0      0      1      0      0 0.0027
   0,1      1      0      0      0      0 0.0027
   0,1      2      0      1      0      0 0.0082
   0,1      0      0      1      0      0 0.0028
   0,1      0      0      0      0      0 0.0000
  -1,1      1      0      1      0      0 0.0053
   0,1      0      0      1      0      0 0.0028
   0,1      0      0      1      0      0 0.0027
   0,1      2      0      2      0      0 0.0104
   0,1      0      0      1      0      0 0.0026
   0,1      0      0      0      0      0 0.0000
   0,1      0      0      1      0      0 0.0027
   0,1      0      0      1      0      0 0.0027
   0,1      0      0      0      0      0 0.0000
   0,1      2      0      0      0      0 0.0055
  -1,1      2      0      0      0      0 0.0053
   0,1      0      0      0      0      0 0.0000
   0,1      0      0      0      0      0 0.0000
   0,1      3      0      1      0      0 0.0115
  -1,1      1      0      1      0      0 0.0056
   0,1      0      0      1      0      0 0.0029
   0,1      0      0      1      0      0 0.0030
   0,1      0      0      0      0      0 0.0000
   0,1      0      0      1      0      0 0.0028
   0,1      0      0      1      0      0 0.0029
   0,1      0      0      1      0      0 0.0028
  -1,1      1      0      1      0      0 0.0056
   0,1      0      0      1      0      0 0.0028
  -1,1      1      0      1      0      0 0.0056
   0,1      0      0      2      0      0 0.0056
   0,1      0      0      2      0      0 0.0052
   0,1      2      0      1      0      0 0.0079
  -1,1      1      0      2      0      0 0.0080
   0,1      0      0      1      0      0 0.0026
   0,1      0      0      1      0      0 0.0028
   0,1      0      0      0      0      0 0.0000
   0,1      3      0      1      0      0 0.0111
   0,1      0      0      1      0      0 0.0027
   0,1      0      0      1      0      0 0.0026
   0,1      0      0      1      0      0 0.0027
   0,1      0      0      1      0      0 0.0026
   0,1      0      0      1      0      0 0.0028
   0,1      0      0      1      0      0 0.0026
   0,1      0      0      0      0      0 0.0000
   0,1      3      0      0      0      0 0.0079
   0,1      0      0      1      0      0 0.0027
   0,1      2      0      0      0      0 0.0060
   0,1      0      0      1      0      0 0.0029
   0,1      0      0      1      0      0 0.0030
   0,1      0      0      1      0      0 0.0029
   0,1      0      0      1      0      0 0.0028
   0,1      0      0      1      0      0 0.0027
   0,1      0      0      1      0      0 0.0027
   0,1      0      0      1      0      0 0.0028
   0,1      0      0      2      0      0 0.0058
   0,1      0      0      1      0      0 0.0030
   0,1      0      0      1      0      0 0.0027
   0,1      0      0      1      0      0 0.0029
   0,1      0      0      1      0      0 0.0028
   0,1      0      0      1      0      0 0.0027
   0,1      0      0      1      0      0 0.0031
   0,1      2      0      2      0      0 0.0114
   0,1      0      0      1      0      0 0.0029
   0,1      0      0      1      0      0 0.0028
   0,1      0      0      1      0      0 0.0026
   0,1      0      0      1      0      0 0.0028
   0,1      0      0      1      0      0 0.0027
   0,1      0      0      0      0      0 0.0000
   0,1      0      0      1      0      0 0.0029
   0,1      0      0      1      0      0 0.0029
   0,1      0      0      0      0      0 0.0000
   0,1      0      0      1      0      0 0.0028
   0,1      0      0      0      0      0 0.0000
   0,1      0      0      1      0      0 0.0029
   0,1      0      0      1      0      0 0.0030
   0,1      0      0      0      0      0 0.0000
   0,1      0      0      0      0      0 0.0000
   0,1      0      0      1      0      0 0.0030
   0,1      2      0      0      0      0 0.0060
   0,1      0      0      1      0      0 0.0028
   0,1      0      0      1      0      0 0.0029
   0,1      0      0      1      0      0 0.0028
   0,1      0      0      0      0      0 0.0000
   0,1      0      0      0      0      0 0.0000
   0,1      0      0      1      0      0 0.0027
   0,1      0      0      3      0      0 0.0087
   0,1      0      0      1      0      0 0.0031
   0,1      0      0      1      0      0 0.0029
   0,1      0      0      0      0      0 0.0000
   0,1      2      0      1      0      0 0.0087
   0,1      1      0      0      0      0 0.0028
   0,1      1      0      0      0      0 0.0028
   0,1      0      0      1      0      0 0.0028
   0,1      0      0      1      0      0 0.0028
   0,1      0      0      1      0      0 0.0030
   0,1      3      0      1      0      0 0.0107
  -1,1      1      0      1      0      0 0.0057
   0,1      0      0      1      0      0 0.0028
   0,1      0      0      1      0      0 0.0031
   0,1      0      0      1      0      0 0.0029
   0,1      0      0      1      0      0 0.0029
   0,1      0      0      1      0      0 0.0028
   0,1      0      0      1      0      0 0.0029
   0,1      0      0      1      0      0 0.0030
   0,1      0      0      1      0      0 0.0029
   0,1      0      0      1      0      0 0.0030
   0,1      0      0      1      0      0 0.0029
   0,1      0      0      1      0      0 0.0028
   0,1      0      0      1      0      0 0.0028
   0,1      0      0      1      0      0 0.0029
   0,1      0      0      0      0      0 0.0000
   0,1      2      0      1      0      0 0.0088
   0,1      0      0      1      0      0 0.0028
   0,1      2      0      0      0      0 0.0062
   0,1      0      0      1      0      0 0.0030
   0,1      0      0      1      0      0 0.0031
   0,1      2      0      1      0      0 0.0085
   0,1      0      0      1      0      0 0.0029
   0,1      0      0      1      0      0 0.0027
   0,1      0      0      1      0      0 0.0029
   0,1      0      0      1      0      0 0.0027
   0,1      0      0      1      0      0 0.0029
   0,1      0      0      1      0      0 0.0028
   0,1      0      0      1      0      0 0.0029
   0,1      0      0      1      0      0 0.0030
   0,1      0      0      1      0      0 0.0030
   0,1      0      0      0      0      0 0.0000
   0,1      0      0      1      0      0 0.0030
   0,1      0      0      1      0      0 0.0028
   0,1      0      0      0      0      0 0.0000
   0,1      1      0      1      0      0 0.0060
   0,1      0      0      1      0      0 0.0029
   0,1      0      0      1      0      0 0.0029
   0,1      0      0      1      0      0 0.0028
   0,1      0      0      1      0      0 0.0030
   0,1      2      0      1      0      0 0.0091
   0,1      2      0      0      0      0 0.0058
   0,1      0      0      0      0      0 0.0000
   0,1      0      0      0      0      0 0.0000
   0,1      0      0      0      0      0 0.0000
   0,1      0      0      1      0      0 0.0028
  -1,1      1      0      1      0      0 0.0056
   0,1      1      0      1      0      0 0.0059
   0,1      0      0      1      0      0 0.0029
  -1,1      2      0      1      0      0 0.0085
   0,1      0      0      1      0      0 0.0029
   0,1      0      0      1      0      0 0.0028
   0,1      2      0      1      0      0 0.0084
   0,1      1      0      1      0      0 0.0059
  -1,1      2      0      1      0      0 0.0082
   0,1      0      0      1      0      0 0.0029
   0,1      0      0      1      0      0 0.0027
   0,1      1      0      0      0      0 0.0028
   0,1      0      0      1      0      0 0.0028
   0,1      0      0      1      0      0 0.0029
   0,1      0      0      1      0      0 0.0028
   0,1      0      0      1      0      0 0.0030
   0,1      0      0      1      0      0 0.0028
   0,1      0      0      1      0      0 0.0029
   0,1      0      0      1      0      0 0.0027
   0,1      0      0      4      0      0 0.0118
   0,1      0      0      1      0      0 0.0032
   0,1      0      0      1      0      0 0.0030
   0,1      0      0      2      0      0 0.0059
   0,1      0      0      1      0      0 0.0031
   0,1      2      0      1      0      0 0.0089
  -1,1      1      0      1      0      0 0.0059
   0,1      2      0      1      0      0 0.0085
   0,1      0      0      0      0      0 0.0000
   0,1      0      0      1      0      0 0.0030
   0,1      0      0      1      0      0 0.0030
   0,1      0      0      1      0      0 0.0030
   0,1      0      0      1      0      0 0.0031
   0,1      0      0      1      0      0 0.0029
   0,1      0      0      1      0      0 0.0030
   0,1      0      0      1      0      0 0.0029
   0,1      0      0      1      0      0 0.0029
   0,1      0      0      1      0      0 0.0030
  -1,1      1      0      0      0      0 0.0029
   0,1      2      0      0      0      0 0.0059
   0,1      0      0      0      0      0 0.0000
   0,1      2      0      1      0      0 0.0090
   0,1      0      0      1      0      0 0.0028
   0,1      0      0      0      0      0 0.0000
   0,1      0      0      2      0      0 0.0056
   0,1      0      0      2      0      0 0.0056
   0,1      0      0      0      0      0 0.0000
   0,1      3      0      1      0      0 0.0115
   0,1      1      0      0      0      0 0.0027
  -1,1      4      0      0      0      0 0.0107
   0,1      2      0      1      0      0 0.0080
   0,1      0      0      1      0      0 0.0027
   0,1      0      0      0      0      0 0.0000
   0,1      0      0      0      0      0 0.0000
   0,1      0      0      0      0      0 0.0000
   0,1      0      0      1      0      0 0.0027
   0,1      0      0      0      0      0 0.0000
   0,1      1      0      1      0      0 0.0056
   0,1      2      0      0      0      0 0.0054
  -1,1      1      0      1      0      0 0.0051
   0,1      1      0      0      0      0 0.0026
   0,1      0      0      1      0      0 0.0027
  -1,1      2      0      1      0      0 0.0078
   0,1      1      0      1      0      0 0.0054
   0,1      1      0      1      0      0 0.0055
   0,1      1      0      0      0      0 0.0027
   0,1      3      0      0      0      0 0.0085
   0,1      2      0      0      0      0 0.0058
  -1,1      3      0      1      0      0 0.0114
  -1,1      1      0      0      0      0 0.0030
  -1,1      1      0      1      0      0 0.0055
   0,1      2      0      0      0      0 0.0056
  -1,1      4      0      0      0      0 0.0113
   0,1      1      0      0      0      0 0.0027
   0,1      3      0      0      0      0 0.0082
   0,1      0      0      1      0      0 0.0026
   0,1      3      0      1      0      0 0.0106
  -1,1      1      0      3      0      0 0.0106
   0,1      1      0      1      0      0 0.0055
   0,1      2      0      1      0      0 0.0087
   0,1      1      0      0      0      0 0.0028
   0,1      3      0      0      0      0 0.0082
   0,1      0      0      1      0      0 0.0028
   0,1      0      0      1      0      0 0.0028
   0,1      0      0      1      0      0 0.0026
   0,1      0      0      0      0      0 0.0000
   0,1      0      0      1      0      0 0.0027
   0,1      0      0      1      0      0 0.0026
   0,1      0      0      1      0      0 0.0027
   0,1      0      0      1      0      0 0.0026
   0,1      0      0      1      0      0 0.0026
   0,1      3      0      1      0      0 0.0108
   0,1      3      0      1      0      0 0.0103
   0,1      0      0      1      0      0 0.0027
   0,1      1      0      0      0      0 0.0027
   0,1      1      0      0      0      0 0.0028
  -1,1      2      0      0      0      0 0.0055
   0,1      1      0      1      0      0 0.0052
   0,1      1      0      0      0      0 0.0027
   0,1      0      0      1      0      0 0.0027
   0,1      2      0      1      0      0 0.0083
   0,1      0      0      1      0      0 0.0028
   0,1      2      0      1      0      0 0.0081
   0,1      0      0      1      0      0 0.0026
   0,1      0      0      1      0      0 0.0027
   0,1      0      0      1      0      0 0.0027
   0,1      0      0      0      0      0 0.0000
   0,1      1      0      0      0      0 0.0026
   0,1      2      0      0      0      0 0.0055
   0,1      0      0      1      0      0 0.0028
   0,1      1      0      0      0      0 0.0029
  -1,1      2      0      0      0      0 0.0057
   0,1      2      0      0      0      0 0.0057
   0,1      0      0      1      0      0 0.0028
   0,1      3      0      0      0      0 0.0085
   0,1      0      0      1      0      0 0.0028
   0,1      0      0      1      0      0 0.0028
   0,1      2      0      0      0      0 0.0057
   0,1      0      0      0      0      0 0.0000
   0,1      2      0      1      0      0 0.0084
   0,1      0      0      0      0      0 0.0000
   0,1      2      0      0      0      0 0.0056
  -1,1      4      0      0      0      0 0.0113
   0,1      3      0      0      0      0 0.0084
   0,1      3      0      0      0      0 0.0082
   0,1      0      0      1      0      0 0.0028
   0,1      0      0      1      0      0 0.0026
   0,1      0      0      1      0      0 0.0027
   0,1      0      0      1      0      0 0.0026
   0,1      0      0      1      0      0 0.0027
   0,1      0      0      1      0      0 0.0027
   0,1      0      0      1      0      0 0.0026
   0,1      0      0      1      0      0 0.0026
   0,1      0      0      1      0      0 0.0026
   0,1      0      0      1      0      0 0.0027
   0,1      2      0      1      0      0 0.0081
   0,1      1      0      2      0      0 0.0083
   0,1      1      0      1      0      0 0.0057
   0,1      1      0      0      0      0 0.0027
   0,1      0      0      0      0      0 0.0000
   0,1      3      0      0      0      0 0.0084
   0,1      3      0      0      0      0 0.0082
   0,1      0      0      1      0      0 0.0027
  -1,1      4      0      0      0      0 0.0105
  -1,1      1      0      0      0      0 0.0026
   0,1      0      0      1      0      0 0.0027
   0,1      0      0      0      0      0 0.0000
   0,1      0      0      1      0      0 0.0028
   0,1      0      0      1      0      0 0.0027
   0,1      0      0      1      0      0 0.0026
   0,1      0      0      2      0      0 0.0051
   0,1      2      0      0      0      0 0.0053
   0,1      0      0      1      0      0 0.0027
  -1,1      1      0      2      0      0 0.0078
   0,1      0      0      2      0      0 0.0051
  -1,1      1      0      2      0      0 0.0077
   0,1      2      0      1      0      0 0.0077
   0,1      1      0      0      0      0 0.0026
   0,1      0      0      1      0      0 0.0025
   0,1      1      0      0      0      0 0.0027
   0,1      2      0      1      0      0 0.0082
   0,1      0      0      1      0      0 0.0026
   0,1      0      0      1      0      0 0.0027
   0,1      0      0      0      0      0 0.0000
   0,1      0      0      2      0      0 0.0052
   0,1      2      0      0      0      0 0.0053
   0,1      0      0      1      0      0 0.0026
   0,1      0      0      1      0      0 0.0027
   0,1      0      0      1      0      0 0.0026
   0,1      2      0      0      0      0 0.0054
   0,1      0      0      1      0      0 0.0027
   0,1      2      0      0      0      0 0.0051
   0,1      0      0      1      0      0 0.0026
   0,1      2      0      2      0      0 0.0107
   0,1      1      0      1      0      0 0.0052
   0,1      2      0      1      0      0 0.0077
   0,1      1      0      1      0      0 0.0051
   0,1      3      0      0      0      0 0.0075
   0,1      3      0      1      0      0 0.0101
   0,1      3      0      0      0      0 0.0079
   0,1      2      0      1      0      0 0.0077
   0,1      0      0      0      0      0 0.0000
   0,1      3      0      0      0      0 0.0078
   0,1      0      0      1      0      0 0.0026
   0,1      0      0      1      0      0 0.0026
   0,1      2      0      0      0      0 0.0056
   0,1      0      0      1      0      0 0.0027
   0,1      0      0      1      0      0 0.0026
   0,1      0      0      1      0      0 0.0028
   0,1      0      0      1      0      0 0.0029
   0,1      0      0      0      0      0 0.0000
   0,1      2      0      0      0      0 0.0059
   0,1      1      0      0      0      0 0.0030
   0,1      2      0      1      0      0 0.0088
   0,1      2      0      1      0      0 0.0085
   0,1      0      0      1      0      0 0.0028
   0,1      0      0      1      0      0 0.0029
   0,1      0      0      1      0      0 0.0029
   0,1      2      0      0      0      0 0.0055
   0,1      0      0      0      0      0 0.0000
   0,1      0      0      0      0      0 0.0000
   0,1      0      0      1      0      0 0.0027
   0,1      0      0      1      0      0 0.0026
   0,1      0      0      0      0      0 0.0000
   0,1      0      0      1      0      0 0.0027
   0,1      0      0      1      0      0 0.0027
   0,1      2      0      0      0      0 0.0053
   0,1      2      0      0      0      0 0.0054
  -1,1      1      0      0      0      0 0.0027
   0,1      0      0      0      0      0 0.0000
   0,1      0      0      0      0      0 0.0000
   0,1      0      0      1      0      0 0.0027
   0,1      0      0      1      0      0 0.0027
   0,1      0      0      1      0      0 0.0028
   0,1      0      0      1      0      0 0.0029
   0,1      2      0      0      0      0 0.0056
   0,1      1      0      3      0      0 0.0112
  -1,1      1      0      1      0      0 0.0055
   0,1      0      0      0      0      0 0.0000
   0,1      0      0      1      0      0 0.0027
   0,1      1      0      1      0      0 0.0055
   0,1      1      0      0      0      0 0.0027
   0,1      2      0      1      0      0 0.0086
   0,1      0      0      2      0      0 0.0055
  -1,1      1      0      0      0      0 0.0028
   0,1      0      0      1      0      0 0.0027
  -1,1      1      0      1      0      0 0.0054
   0,1      0      0      1      0      0 0.0028
   0,1      0      0      1      0      0 0.0028
   0,1      0      0      1      0      0 0.0027
   0,1      0      0      1      0      0 0.0028
   0,1      0      0      0      0      0 0.0000
   0,1      0      0      0      0      0 0.0000
   0,1      3      0      1      0      0 0.0109
   0,1      0      0      1      0      0 0.0027
   0,1      0      0      0      0      0 0.0000
   0,1      0      0      1      0      0 0.0026
   0,1      3      0      1      0      0 0.0109
   0,1      0      0      0      0      0 0.0000
   0,1      0      0      0      0      0 0.0000
   0,1      3      0      1      0      0 0.0109
   0,1      3      0      0      0      0 0.0081
   0,1      3      0      1      0      0 0.0111
   0,1      0      0      1      0      0 0.0027
   0,1      0      0      1      0      0 0.0027
   0,1      0      0      1      0      0 0.0028
   0,1      0      0      1      0      0 0.0027
   0,1      1      0      1      0      0 0.0057
   0,1      0      0      0      0      0 0.0000
   0,1      0      0      0      0      0 0.0000
   0,1      3      0      1      0      0 0.0104
   0,1      2      0      1      0      0 0.0082
  -1,1      2      0      1      0      0 0.0082
   0,1      0      0      1      0      0 0.0028
   0,1      0      0      0      0      0 0.0000
   0,1      0      0      1      0      0 0.0029
   0,1      0      0      1      0      0 0.0028
   0,1      0      0      1      0      0 0.0026
   0,1      0      0      1      0      0 0.0026
   0,1      0      0      2      0      0 0.0051
   0,1      2      0      2      0      0 0.0105
   0,1      0      0      2      0      0 0.0052
   0,1      3      0      0      0      0 0.0080
   0,1      0      0      0      0      0 0.0000
   0,1      0      0      1      0      0 0.0027
   0,1      0      0      1      0      0 0.0028
  -1,1      2      0      1      0      0 0.0082
   0,1      0      0      0      0      0 0.0000
   0,1      0      0      1      0      0 0.0028
   0,1      0      0      0      0      0 0.0000
   0,1      0      0      1      0      0 0.0027
   0,1      0      0      1      0      0 0.0029
   0,1      0      0      1      0      0 0.0031
   0,1      0      0      1      0      0 0.0030
   0,1      0      0      1      0      0 0.0029
   0,1      0      0      0      0      0 0.0000
   0,1      0      0      1      0      0 0.0028
   0,1      0      0      1      0      0 0.0029
   0,1      0      0      1      0      0 0.0030
   0,1      0      0      1      0      0 0.0028
   0,1      0      0      1      0      0 0.0031
   0,1      3      0      0      0      0 0.0087
   0,1      0      0      1      0      0 0.0029
   0,1      0      0      0      0      0 0.0000
   0,1      0      0      1      0      0 0.0027
   0,1      0      0      1      0      0 0.0027
  -1,1      1      0      1      0      0 0.0051
   0,1      0      0      1      0      0 0.0026
   0,1      0      0      1      0      0 0.0027
   0,1      0      0      1      0      0 0.0027
   0,1      0      0      1      0      0 0.0028
   0,1      1      0      2      0      0 0.0081
   0,1      0      0      1      0      0 0.0027
   0,1      1      0      0      0      0 0.0027
  -1,1      1      0      2      0      0 0.0080
   0,1      2      0      0      0      0 0.0054
   0,1      0      0      1      0      0 0.0027
   0,1      0      0      1      0      0 0.0027
   0,1      0      0      1      0      0 0.0026
   0,1      0      0      1      0      0 0.0027
   0,1      0      0      1      0      0 0.0026
   0,1      0      0      1      0      0 0.0027
   0,1      3      0      0      0      0 0.0082
   0,1      0      0      1      0      0 0.0026
   0,1      0      0      1      0      0 0.0028
   0,1      0      0      1      0      0 0.0026
   0,1      0      0      1      0      0 0.0027
   0,1      0      0      1      0      0 0.0027
   0,1      1      0      1      0      0 0.0053
   0,1      0      0      1      0      0 0.0028
   0,1      3      0      0      0      0 0.0086
   0,1      3      0      0      0      0 0.0084
   0,1      2      0      1      0      0 0.0080
   0,1      2      0      1      0      0 0.0083
   0,1      2      0      0      0      0 0.0057
   0,1      0      0      0      0      0 0.0000
   0,1      2      0      1      0      0 0.0080
   0,1      2      0      0      0      0 0.0054
   0,1      2      0      0      0      0 0.0056
   0,1      3      0      0      0      0 0.0083
   0,1      2      0      0      0      0 0.0054
  -1,1      4      0      1      0      0 0.0127
   0,1      3      0      0      0      0 0.0087
   0,1      2      0      0      0      0 0.0059
   0,1      3      0      1      0      0 0.0111
  -1,1      3      0      0      0      0 0.0084
   0,1      1      0      1      0      0 0.0057
  -1,1      2      0      0      0      0 0.0057
   0,1      2      0      0      0      0 0.0061
   0,1      2      0      0      0      0 0.0059
   0,1      0      0      0      0      0 0.0000
   0,1      3      0      0      0      0 0.0086
   0,1      2      0      0      0      0 0.0057
   0,1      0      0      0      0      0 0.0000
   0,1      0      0      0      0      0 0.0000
   0,1      1      0      0      0      0 0.0028
   0,1      0      0      1      0      0 0.0026
  -1,1      1      0      0      0      0 0.0028
   0,1      0      0      0      0      0 0.0000
  -1,1      4      0      1      0      0 0.0134
   0,1      0      0      0      0      0 0.0000
   0,1      3      0      1      0      0 0.0108
   0,1      3      0      1      0      0 0.0102
   0,1      0      0      1      0      0 0.0027
  -1,1      1      0      2      0      0 0.0084
   0,1      0      0      1      0      0 0.0026
   0,1      0      0      2      0      0 0.0055
  -1,1      3      0      0      0      0 0.0082
   0,1      0      0      1      0      0 0.0027
  -1,1      1      0      1      0      0 0.0053
   0,1      0      0      0      0      0 0.0000
   0,1      0      0      1      0      0 0.0026
   0,1      0      0      1      0      0 0.0026
   0,1      0      0      1      0      0 0.0027
   0,1      0      0      1      0      0 0.0026
   0,1      0      0      1      0      0 0.0027
   0,1      0      0      2      0      0 0.0056
   0,1      0      0      1      0      0 0.0028
   0,1      0      0      1      0      0 0.0029
   0,1      0      0      1      0      0 0.0027
   0,1      0      0      1      0      0 0.0028
   0,1      2      0      1      0      0 0.0088
   0,1      0      0      1      0      0 0.0029
   0,1      3      0      1      0      0 0.0115
   0,1      0      0      1      0      0 0.0030
   0,1      0      0      0      0      0 0.0000
   0,1      0      0      1      0      0 0.0030
   0,1      0      0      1      0      0 0.0029
  -1,1      1      0      0      0      0 0.0030
   0,1      0      0      0      0      0 0.0000
   0,1      0      0      1      0      0 0.0030
   0,1      0      0      1      0      0 0.0031
   0,1      2      0      0      0      0 0.0059
   0,1      0      0      1      0      0 0.0029
   0,1      0      0      0      0      0 0.0000
   0,1      2      0      0      0      0 0.0059
   0,1      0      0      0      0      0 0.0000
   0,1      0      0      1      0      0 0.0029
   0,1      3      0      1      0      0 0.0108
   0,1      3      0      0      0      0 0.0085
   0,1      0      0      1      0      0 0.0027
   0,1      1      0      0      0      0 0.0028
   0,1      0      0      1      0      0 0.0028
   0,1      2      0      0      0      0 0.0056
   0,1      0      0      1      0      0 0.0028
   0,1      0      0      0      0      0 0.0000
   0,1      0      0      1      0      0 0.0028
  -1,1      1      0      0      0      0 0.0028
   0,1      2      0      1      0      0 0.0085
   0,1      1      0      0      0      0 0.0027
   0,1      1      0      1      0      0 0.0057
   0,1      0      0      0      0      0 0.0000
   0,1      1      0      1      0      0 0.0058
   0,1      0      0      1      0      0 0.0028
   0,1      0      0      1      0      0 0.0027
   0,1      0      0      1      0      0 0.0029
   0,1      0      0      1      0      0 0.0028
   0,1      2      0      1      0      0 0.0083
   0,1      0      0      0      0      0 0.0000
   0,1      0      0      1      0      0 0.0029
   0,1      0      0      1      0      0 0.0029
   0,1      0      0      1      0      0 0.0029
   0,1      0      0      1      0      0 0.0028
   0,1      0      0      0      0      0 0.0000
   0,1      0      0      1      0      0 0.0027
   0,1      3      0      1      0      0 0.0107
   0,1      0      0      0      0      0 0.0000
   0,1      2      0      0      0      0 0.0054
   0,1      0      0      1      0      0 0.0028
   0,1      0      0      0      0      0 0.0000
   0,1      0      0      0      0      0 0.0000
   0,1      1      0      1      0      0 0.0055
   0,1      0      0      1      0      0 0.0028
   0,1      0      0      0      0      0 0.0000
  -1,1      1      0      1      0      0 0.0054
   0,1      3      0      1      0      0 0.0112
   0,1      2      0      1      0      0 0.0083
   0,1      0      0      0      0      0 0.0000
   0,1      3      0      0      0      0 0.0085
   0,1      3      0      0      0      0 0.0082
   0,1      0      0      1      0      0 0.0029
   0,1      0      0      1      0      0 0.0028
   0,1      0      0      1      0      0 0.0026
   0,1      0      0      1      0      0 0.0026
   0,1      2      0      1      0      0 0.0083
   0,1      0      0      0      0      0 0.0000
   0,1      0      0      1      0      0 0.0028
   0,1      1      0      0      0      0 0.0028
   0,1      1      0      0      0      0 0.0029
   0,1      0      0      0      0      0 0.0000
   0,1      0      0      1      0      0 0.0028
   0,1      0      0      1      0      0 0.0027
   0,1      0      0      1      0      0 0.0026
   0,1      0      0      1      0      0 0.0026
  -1,1      1      0      2      0      0 0.0079
   0,1      0      0      1      0      0 0.0028
   0,1      0      0      1      0      0 0.0028
   0,1      1      0      1      0      0 0.0056
  -1,1      1      0      1      0      0 0.0053
   0,1      0      0      1      0      0 0.0027
   0,1      0      0      1      0      0 0.0027
  -1,1      1      0      0      0      0 0.0028
  -1,1      4      0      0      0      0 0.0108
   0,1      3      0      0      0      0 0.0084
   0,1      1      0      1      0      0 0.0056
   0,1      1      0      0      0      0 0.0027
   0,1      0      0      0      0      0 0.0000
   0,1      1      0      0      0      0 0.0028
  -1,1      1      0      0      0      0 0.0028
   0,1      0      0      1      0      0 0.0027
  -1,1      3      0      1      0      0 0.0106
   0,1      0      0      1      0      0 0.0027
   0,1      0      0      1      0      0 0.0027
   0,1      0      0      1      0      0 0.0029
  -1,1      1      0      1      0      0 0.0055
   0,1      0      0      1      0      0 0.0027
   0,1      0      0      1      0      0 0.0027
   0,1      3      0      1      0      0 0.0105
   0,1      0      0      1      0      0 0.0027
   0,1      0      0      1      0      0 0.0027
   0,1      0      0      0      0      0 0.0000
   0,1      3      0      1      0      0 0.0106
   0,1      3      0      1      0      0 0.0109
   0,1      2      0      0      0      0 0.0052
   0,1      0      0      1      0      0 0.0027
   0,1      0      0      1      0      0 0.0026
   0,1      0      0      1      0      0 0.0027
   0,1      2      0      1      0      0 0.0080
   0,1      3      0      1      0      0 0.0106
   0,1      0      0      0      0      0 0.0000
  -1,1      1      0      1      0      0 0.0060
   0,1      3      0      0      0      0 0.0078
   0,1      2      0      1      0      0 0.0080
   0,1      1      0      1      0      0 0.0053
   0,1      0      0      1      0      0 0.0027
  -1,1      1      0      1      0      0 0.0053
   0,1      0      0      0      0      0 0.0000
   0,1      0      0      1      0      0 0.0026
  -1,1      1      0      2      0      0 0.0079
   0,1      0      0      0      0      0 0.0000
   0,1      0      0      1      0      0 0.0027
   0,1      2      0      1      0      0 0.0082
   0,1      0      0      1      0      0 0.0026
   0,1      0      0      1      0      0 0.0028
   0,1      0      0      0      0      0 0.0000
   0,1      0      0      1      0      0 0.0028
   0,1      0      0      1      0      0 0.0028
   0,1      0      0      1      0      0 0.0029
   0,1      0      0      1      0      0 0.0029
   0,1      0      0      1      0      0 0.0028
   0,1      0      0      1      0      0 0.0028
   0,1      0      0      1      0      0 0.0029
   0,1      0      0      1      0      0 0.0029
   0,1      1      0      1      0      0 0.0057
   0,1      3      0      1      0      0 0.0111
   0,1      0      0      1      0      0 0.0029
   0,1      0      0      1      0      0 0.0027
   0,1      0      0      1      0      0 0.0028
   0,1      0      0      1      0      0 0.0027
   0,1      0      0      1      0      0 0.0028
   0,1      1      0      1      0      0 0.0060
   0,1      0      0      1      0      0 0.0029
   0,1      0      0      1      0      0 0.0027
   0,1      0      0      1      0      0 0.0028
   0,1      0      0      1      0      0 0.0027
  -1,1      2      0      0      0      0 0.0056
   0,1      0      0      1      0      0 0.0028
   0,1      0      0      1      0      0 0.0028
   0,1      0      0      1      0      0 0.0029
   0,1      0      0      1      0      0 0.0028
   0,1      3      0      0      0      0 0.0080
   0,1      3      0      1      0      0 0.0110
  -1,1      1      0      0      0      0 0.0027
   0,1      0      0      0      0      0 0.0000
   0,1      0      0      1      0      0 0.0028
   0,1      0      0      1      0      0 0.0028
   0,1      0      0      1      0      0 0.0029
   0,1      0      0      1      0      0 0.0028
  -1,1      1      0      1      0      0 0.0055
   0,1      0      0      0      0      0 0.0000
   0,1      0      0      1      0      0 0.0027
   0,1      0      0      2      0      0 0.0052
  -1,1      1      0      2      0      0 0.0077
   0,1      0      0      1      0      0 0.0028
   0,1      0      0      0      0      0 0.0000
   0,1      0      0      2      0      0 0.0051
   0,1      3      0      0      0      0 0.0077
   0,1      3      0      1      0      0 0.0098
  -1,1      1      0      2      0      0 0.0079
   0,1      0      0      1      0      0 0.0025
   0,1      0      0      0      0      0 0.0000
   0,1      2      0      1      0      0 0.0077
   0,1      2      0      1      0      0 0.0077
   0,1      0      0      1      0      0 0.0027
   0,1      0      0      1      0      0 0.0026
   0,1      0      0      1      0      0 0.0026
   0,1      3      0      1      0      0 0.0102
   0,1      2      0      1      0      0 0.0084
   0,1      0      0      1      0      0 0.0027
   0,1      0      0      1      0      0 0.0027
   0,1      0      0      1      0      0 0.0027
   0,1      0      0      1      0      0 0.0027
   0,1      3      0      0      0      0 0.0081
   0,1      1      0      1      0      0 0.0056
   0,1      3      0      0      0      0 0.0080
   0,1      2      0      1      0      0 0.0080
   0,1      0      0      1      0      0 0.0029
   0,1      0      0      0      0      0 0.0000
   0,1      0      0      1      0      0 0.0027
   0,1      3      0      0      0      0 0.0084
   0,1      0      0      1      0      0 0.0027
   0,1      0      0      1      0      0 0.0027
   0,1      0      0      0      0      0 0.0000
   0,1      0      0      0      0      0 0.0000
   0,1      0      0      0      0      0 0.0000
  -1,1      1      0      1      0      0 0.0056
   0,1      0      0      1      0      0 0.0027
   0,1      0      0      0      0      0 0.0000
   0,1      1      0      0      0      0 0.0027
   0,1      0      0      0      0      0 0.0000
   0,1      0      0      0      0      0 0.0000
   0,1      0      0      0      0      0 0.0000
   0,1      0      0      1      0      0 0.0029
   0,1      0      0      1      0      0 0.0029
   0,1      0      0      0      0      0 0.0000
   0,1      1      0      0      0      0 0.0032
   0,1      1      0      1      0      0 0.0059
   0,1      0      0      1      0      0 0.0030
   0,1      0      0      1      0      0 0.0030
   0,1      3      0      0      0      0 0.0088
   0,1      2      0      0      0      0 0.0063
   0,1      2      0      0      0      0 0.0056
   0,1      3      0      1      0      0 0.0111
   0,1      1      0      0      0      0 0.0029
   0,1      0      0      1      0      0 0.0028
   0,1      1      0      0      0      0 0.0027
   0,1      3      0      0      0      0 0.0083
   0,1      2      0      0      0      0 0.0057
   0,1      2      0      1      0      0 0.0086
   0,1      2      0      1      0      0 0.0084
   0,1      2      0      0      0      0 0.0058
  -1,1      3      0      0      0      0 0.0086
   0,1      1      0      0      0      0 0.0030
   0,1      5      0      0      0      0 0.0146
   0,1      0      0      0      0      0 0.0000
  -1,1      1      0      0      0      0 0.0027
  -1,1      2      0      0      0      0 0.0055
   0,1      2      0      1      0      0 0.0083
   0,1      3      0      0      0      0 0.0085
   0,1      0      0      1      0      0 0.0027
   0,1      3      0      0      0      0 0.0078
   0,1      3      0      1      0      0 0.0105
   0,1      0      0      0      0      0 0.0000
   0,1      2      0      1      0      0 0.0085
   0,1      0      0      1      0      0 0.0029
   0,1      2      0      0      0      0 0.0057
  -1,1      2      0      0      0      0 0.0051
   0,1      0      0      1      0      0 0.0026
   0,1      1      0      1      0      0 0.0054
   0,1      0      0      1      0      0 0.0026
   0,1      3      0      0      0      0 0.0080
   0,1      0      0      0      0      0 0.0000
   0,1      2      0      0      0      0 0.0055
   0,1      0      0      0      0      0 0.0000
   0,1      2      0      1      0      0 0.0085
   0,1      1      0      0      0      0 0.0028
  -1,1      1      0      1      0      0 0.0055
   0,1      2      0      1      0      0 0.0082
   0,1      1      0      0      0      0 0.0028
   0,1      1      0      0      0      0 0.0026
   0,1      3      0      2      0      0 0.0134
  -1,1      1      0      1      0      0 0.0053
   0,1      3      0      1      0      0 0.0105
   0,1      3      0      0      0      0 0.0080
   0,1      2      0      1      0      0 0.0080
   0,1      1      0      1      0      0 0.0055
   0,1      0      0      1      0      0 0.0028
   0,1      0      0      1      0      0 0.0027
   0,1      0      0      1      0      0 0.0028
   0,1      0      0      1      0      0 0.0027
   0,1      0      0      0      0      0 0.0000
   0,1      2      0      1      0      0 0.0086
   0,1      1      0      1      0      0 0.0055
   0,1      0      0      1      0      0 0.0027
   0,1      0      0      1      0      0 0.0026
   0,1      2      0      1      0      0 0.0083
   0,1      1      0      1      0      0 0.0055
   0,1      0      0      1      0      0 0.0027
   0,1      0      0      1      0      0 0.0028
   0,1      3      0      0      0      0 0.0083
   0,1      0      0      1      0      0 0.0030
   0,1      0      0      1      0      0 0.0028
   0,1      0      0      1      0      0 0.0030
   0,1      0      0      1      0      0 0.0028
   0,1      0      0      0      0      0 0.0000
   0,1      0      0      0      0      0 0.0000
   0,1      0      0      1      0      0 0.0028
   0,1      0      0      0      0      0 0.0000
   0,1      0      0      2      0      0 0.0058
   0,1      0      0      1      0      0 0.0030
   0,1      0      0      1      0      0 0.0029
   0,1      0      0      1      0      0 0.0030
   0,1      0      0      1      0      0 0.0030
   0,1      0      0      0      0      0 0.0000
   0,1      0      0      1      0      0 0.0029
   0,1      2      0      1      0      0 0.0085
   0,1      0      0      1      0      0 0.0029
   0,1      0      0      1      0      0 0.0028
   0,1      0      0      1      0      0 0.0028
   0,1      0      0      8      0      0 0.0222
   0,1      0      0      1      0      0 0.0030
   0,1      0      0      1      0      0 0.0031
   0,1      0      0      1      0      0 0.0031
   0,1      0      0      1      0      0 0.0029
   0,1      0      0      1      0      0 0.0029
   0,1      0      0      1      0      0 0.0030
   0,1      0      0      2      0      0 0.0060
   0,1      3      0      1      0      0 0.0119
   0,1      0      0      1      0      0 0.0030
   0,1      2      0      1      0      0 0.0094
   0,1      0      0      0      0      0 0.0000
   0,1      0      0      1      0      0 0.0031
   0,1      0      0      1      0      0 0.0029
   0,1      0      0      1      0      0 0.0028
  -1,1      1      0      2      0      0 0.0081
   0,1      1      0      0      0      0 0.0028
   0,1      1      0      0      0      0 0.0027
   0,1      2      0      1      0      0 0.0082
   0,1      0      0      0      0      0 0.0000
   0,1      2      0      0      0      0 0.0053
   0,1      3      0      0      0      0 0.0082
   0,1      0      0      1      0      0 0.0027
   0,1      0      0      0      0      0 0.0000
  -1,1      2      0      1      0      0 0.0080
   0,1      0      0      1      0      0 0.0027
   0,1      3      0      1      0      0 0.0114
   0,1      2      0      0      0      0 0.0057
   0,1      1      0      0      0      0 0.0028
   0,1      1      0      0      0      0 0.0029
   0,1      2      0      0      0      0 0.0055
  -1,1      3      0      0      0      0 0.0084
   0,1      0      0      1      0      0 0.0028
   0,1      0      0      1      0      0 0.0027
   0,1      0      0      0      0      0 0.0000
   0,1      2      0      0      0      0 0.0054
  -1,1      2      0      1      0      0 0.0080
   0,1      0      0      1      0      0 0.0027
   0,1      0      0      1      0      0 0.0027
   0,1      0      0      1      0      0 0.0028
   0,1      3      0      1      0      0 0.0113
   0,1      0      0      1      0      0 0.0029
   0,1      0      0      1      0      0 0.0029
   0,1      0      0      1      0      0 0.0028
   0,1      0      0      1      0      0 0.0030
   0,1      0      0      2      0      0 0.0056
   0,1      0      0      1      0      0 0.0028
   0,1      0      0      1      0      0 0.0027
   0,1      0      0      1      0      0 0.0028
   0,1      0      0      1      0      0 0.0028
   0,1      0      0      1      0      0 0.0027
   0,1      1      0      0      0      0 0.0029
   0,1      1      0      0      0      0 0.0029
  -1,1      1      0      0      0      0 0.0031
   0,1      3      0      0      0      0 0.0090
   0,1      3      0      0      0      0 0.0090
   0,1      0      0      0      0      0 0.0000
   0,1      0      0      1      0      0 0.0029
   0,1      2      0      0      0      0 0.0058
   0,1      3      0      0      0      0 0.0088
   0,1      3      0      0      0      0 0.0086
   0,1      1      0      0      0      0 0.0029
   0,1      2      0      0      0      0 0.0054
   0,1      0      0      1      0      0 0.0027
   0,1      0      0      1      0      0 0.0026
   0,1      0      0      0      0      0 0.0000
   0,1      1      0      1      0      0 0.0060
   0,1      3      0      0      0      0 0.0084
   0,1      0      0      1      0      0 0.0027
   0,1      0      0      0      0      0 0.0000
   0,1      3      0      0      0      0 0.0084
   0,1      0      0      1      0      0 0.0027
   0,1      0      0      1      0      0 0.0026
   0,1      0      0      1      0      0 0.0027
  -1,1      2      0      1      0      0 0.0085
   0,1      0      0      0      0      0 0.0000
   0,1      0      0      0      0      0 0.0000
   0,1      0      0      0      0      0 0.0000
   0,1      0      0      0      0      0 0.0000
   0,1      2      0      0      0      0 0.0054
   0,1      0      0      1      0      0 0.0028
   0,1      0      0      0      0      0 0.0000
   0,1      2      0      0      0      0 0.0051
   0,1      0      0      0      0      0 0.0000
   0,1      0      0      1      0      0 0.0026
   0,1      0      0      0      0      0 0.0000
   0,1      3      0      0      0      0 0.0083
   0,1      0      0      1      0      0 0.0026
   0,1      0      0      1      0      0 0.0027
   0,1      0      0      1      0      0 0.0026
   0,1      0      0      1      0      0 0.0027
   0,1      2      0      0      0      0 0.0055
   0,1      0      0      1      0      0 0.0027
   0,1      0      0      0      0      0 0.0000
   0,1      0      0      1      0      0 0.0028
   0,1      0      0      1      0      0 0.0026
  -1,1      3      0      1      0      0 0.0106
   0,1      0      0      1      0      0 0.0026
   0,1      3      0      1      0      0 0.0107
   0,1      0      0      1      0      0 0.0028
   0,1      0      0      1      0      0 0.0026
   0,1      0      0      1      0      0 0.0027
   0,1      1      0      1      0      0 0.0054
   0,1      1      0      0      0      0 0.0027
   0,1      0      0      2      0      0 0.0055
   0,1      0      0      1      0      0 0.0028
   0,1      0      0      1      0      0 0.0028
   0,1      0      0      1      0      0 0.0027
   0,1      0      0      1      0      0 0.0028
   0,1      0      0      1      0      0 0.0028
   0,1      0      0      1      0      0 0.0028
   0,1      0      0      1      0      0 0.0028
   0,1      0      0      1      0      0 0.0028
   0,1      0      0      1      0      0 0.0029
   0,1      2      0      0      0      0 0.0055
   0,1      0      0      1      0      0 0.0028
   0,1      0      0      0      0      0 0.0000
  -1,1      1      0      1      0      0 0.0053
   0,1      0      0      0      0      0 0.0000
   0,1      1      0      0      0      0 0.0027
   0,1      0      0      1      0      0 0.0026
   0,1      0      0      1      0      0 0.0026
   0,1      0      0      1      0      0 0.0026
   0,1      0      0      1      0      0 0.0026
   0,1      0      0      0      0      0 0.0000
   0,1      0      0      1      0      0 0.0025
   0,1      0      0      2      0      0 0.0051
   0,1      0      0      1      0      0 0.0025
   0,1      0      0      1      0      0 0.0025
   0,1      2      0      1      0      0 0.0078
   0,1      0      0      0      0      0 0.0000
  -1,1      3      0      2      0      0 0.0133
   0,1      2      0      1      0      0 0.0077
   0,1      0      0      1      0      0 0.0025
   0,1      0      0      1      0      0 0.0026
   0,1      0      0      1      0      0 0.0025
   0,1      0      0      1      0      0 0.0026
   0,1      0      0      1      0      0 0.0026
   0,1      0      0      2      0      0 0.0052
   0,1      0      0      1      0      0 0.0025
   0,1      0      0      1      0      0 0.0026
   0,1      0      0      1      0      0 0.0026
   0,1      0      0      1      0      0 0.0026
   0,1      0      0      1      0      0 0.0027
   0,1      1      0      1      0      0 0.0051
   0,1      0      0      1      0      0 0.0026
   0,1      0      0      1      0      0 0.0025
   0,1      0      0      1      0      0 0.0026
   0,1      0      0      1      0      0 0.0026
   0,1      0      0      0      0      0 0.0000
   0,1      0      0      1      0      0 0.0027
   0,1      1      0      1      0      0 0.0054
   0,1      0      0      1      0      0 0.0028
   0,1      0      0      1      0      0 0.0028
   0,1      2      0      0      0      0 0.0056
   0,1      0      0      1      0      0 0.0028
   0,1      0      0      1      0      0 0.0028
   0,1      0      0      0      0      0 0.0000
   0,1      0      0      1      0      0 0.0030
   0,1      0      0      1      0      0 0.0028
   0,1      2      0      1      0      0 0.0084
   0,1      0      0      0      0      0 0.0000
   0,1      0      0      0      0      0 0.0000
   0,1      0      0      1      0      0 0.0027
   0,1      1      0      1      0      0 0.0054
   0,1      2      0      0      0      0 0.0052
   0,1      3      0      0      0      0 0.0082
   0,1      3      0      0      0      0 0.0085
   0,1      0      0      1      0      0 0.0030
   0,1      2      0      0      0      0 0.0059
   0,1      0      0      1      0      0 0.0028
   0,1      0      0      1      0      0 0.0029
   0,1      0      0      3      0      0 0.0088
   0,1      0      0      1      0      0 0.0029
   0,1      0      0      1      0      0 0.0030
   0,1      0      0      1      0      0 0.0031
  -1,1      1      0      1      0      0 0.0057
   0,1      0      0      1      0      0 0.0030
   0,1      0      0      1      0      0 0.0028
   0,1      0      0      1      0      0 0.0029
   0,1      0      0      1      0      0 0.0028
   0,1      0      0      1      0      0 0.0030
   0,1      0      0      1      0      0 0.0027
   0,1      0      0      3      0      0 0.0084
   0,1      0      0      4      0      0 0.0117
   0,1      0      0      1      0      0 0.0028
   0,1      1      0      1      0      0 0.0059
   0,1      2      0      1      0      0 0.0088
   0,1      0      0      1      0      0 0.0029
   0,1      0      0      1      0      0 0.0029
   0,1      0      0      1      0      0 0.0028
   0,1      0      0      1      0      0 0.0027
   0,1      0      0      1      0      0 0.0028
   0,1      0      0      1      0      0 0.0028
   0,1      2      0      0      0      0 0.0055
   0,1      2      0      1      0      0 0.0080
   0,1      0      0      0      0      0 0.0000
   0,1      0      0      1      0      0 0.0026
   0,1      0      0      1      0      0 0.0026
   0,1      0      0      1      0      0 0.0026
   0,1      2      0      1      0      0 0.0085
   0,1      1      0      1      0      0 0.0054
  -1,1      2      0      0      0      0 0.0054
   0,1      0      0      1      0      0 0.0027
   0,1      0      0      1      0      0 0.0028
   0,1      0      0      1      0      0 0.0027
   0,1      0      0      1      0      0 0.0027
   0,1      3      0      1      0      0 0.0107
   0,1      3      0      1      0      0 0.0119
   0,1      2      0      1      0      0 0.0082
   0,1      1      0      0      0      0 0.0029
   0,1      3      0      0      0      0 0.0084
   0,1      2      0      1      0      0 0.0082
   0,1      2      0      1      0      0 0.0076
   0,1      0      0      1      0      0 0.0026
   0,1      0      0      0      0      0 0.0000
   0,1      0      0      1      0      0 0.0027
   0,1      0      0      1      0      0 0.0027
  -1,1      1      0      0      0      0 0.0029
   0,1      1      0      0      0      0 0.0028
   0,1      1      0      0      0      0 0.0030
   0,1      2      0      1      0      0 0.0082
   0,1      3      0      0      0      0 0.0086
   0,1      1      0      1      0      0 0.0057
   0,1      1      0      0      0      0 0.0029
   0,1      2      0      0      0      0 0.0058
   0,1      2      0      0      0      0 0.0063
   0,1      2      0      0      0      0 0.0059
   0,1      0      0      1      0      0 0.0029
   0,1      0      0      0      0      0 0.0000
   0,1      5      0      0      0      0 0.0149
   0,1      0      0      0      0      0 0.0000
   0,1      3      0      1      0      0 0.0122
   0,1      1      0      0      0      0 0.0029
   0,1      0      0      1      0      0 0.0029
   0,1      0      0      1      0      0 0.0028
   0,1      1      0      0      0      0 0.0029
   0,1      3      0      0      0      0 0.0085
   0,1      0      0      1      0      0 0.0029
   0,1      0      0      0      0      0 0.0000
   0,1      3      0      0      0      0 0.0089
   0,1      0      0      0      0      0 0.0000
   0,1      2      0      0      0      0 0.0061
   0,1      1      0      1      0      0 0.0058
   0,1      2      0      1      0      0 0.0086
   0,1      0      0      1      0      0 0.0029
   0,1      0      0      1      0      0 0.0029
   0,1      0      0      0      0      0 0.0000
   0,1      0      0      1      0      0 0.0030
   0,1      3      0      1      0      0 0.0118
   0,1      0      0      1      0      0 0.0031
   0,1      2      0      1      0      0 0.0094
   0,1      2      0      0      0      0 0.0058
   0,1      1      0      0      0      0 0.0030
   0,1      2      0      2      0      0 0.0123
   0,1      0      0      1      0      0 0.0030
   0,1      2      0      1      0      0 0.0088
   0,1      2      0      1      0      0 0.0088
   0,1      0      0      1      0      0 0.0029
   0,1      2      0      0      0      0 0.0058
   0,1      2      0      0      0      0 0.0063
   0,1      0      0      1      0      0 0.0032
   0,1      0      0      1      0      0 0.0029
   0,1      0      0      1      0      0 0.0031
   0,1      0      0      1      0      0 0.0031
   0,1      0      0      1      0      0 0.0030
   0,1      0      0      1      0      0 0.0029
   0,1      0      0      1      0      0 0.0030
   0,1      0      0      1      0      0 0.0029
   0,1      3      0      1      0      0 0.0115
   0,1      0      0      0      0      0 0.0000
   0,1      0      0      1      0      0 0.0027
   0,1      0      0      1      0      0 0.0027
   0,1      0      0      1      0      0 0.0028
   0,1      3      0      1      0      0 0.0114
   0,1      0      0      0      0      0 0.0000
   0,1      0      0      0      0      0 0.0000
   0,1      0      0      0      0      0 0.0000
   0,1      2      0      0      0      0 0.0062
   0,1      2      0      0      0      0 0.0059
   0,1      0      0      1      0      0 0.0030
   0,1      2      0      1      0      0 0.0093
   0,1      0      0      0      0      0 0.0000
   0,1      2      0      0      0      0 0.0064
   0,1      1      0      0      0      0 0.0031
   0,1      2      0      0      0      0 0.0061
   0,1      0      0      0      0      0 0.0000
   0,1      2      0      1      0      0 0.0098
   0,1      1      0      1      0      0 0.0059
   0,1      2      0      0      0      0 0.0060
   0,1      2      0      0      0      0 0.0062
   0,1      0      0      0      0      0 0.0000
   0,1      0      0      0      0      0 0.0000
   0,1      3      0      0      0      0 0.0090
   0,1      0      0      1      0      0 0.0029
   0,1      0      0      1      0      0 0.0028
   0,1      3      0      0      0      0 0.0085
   0,1      2      0      0      0      0 0.0056
   0,1      0      0      1      0      0 0.0027
   0,1      0      0      1      0      0 0.0030
   0,1      0      0      1      0      0 0.0029
   0,1      3      0      1      0      0 0.0110
   0,1      0      0      1      0      0 0.0028
   0,1      0      0      1      0      0 0.0029
   0,1      3      0      1      0      0 0.0108
  -1,1      1      0      1      0      0 0.0054
   0,1      0      0      1      0      0 0.0028
  -1,1      1      0      1      0      0 0.0055
   0,1      0      0      1      0      0 0.0028
   0,1      3      0      1      0      0 0.0111
   0,1      0      0      0      0      0 0.0000
   0,1      0      0      1      0      0 0.0027
   0,1      0      0      2      0      0 0.0060
   0,1      3      0      1      0      0 0.0117
   0,1      0      0      1      0      0 0.0030
   0,1      2      0      0      0      0 0.0059
   0,1      0      0      1      0      0 0.0028
   0,1      2      0      0      0      0 0.0054
   0,1      0      0      1      0      0 0.0027
   0,1      0      0      1      0      0 0.0028
  -1,1      1      0      0      0      0 0.0028
   0,1      1      0      1      0      0 0.0057
   0,1      0      0      1      0      0 0.0028
   0,1      2      0      0      0      0 0.0053
   0,1      0      0      1      0      0 0.0028
   0,1      0      0      1      0      0 0.0028
   0,1      0      0      1      0      0 0.0028
   0,1      0      0      0      0      0 0.0000
   0,1      0      0      1      0      0 0.0027
   0,1      0      0      1      0      0 0.0027
   0,1      2      0      0      0      0 0.0058
   0,1      0      0      1      0      0 0.0027
   0,1      3      0      1      0      0 0.0106
   0,1      0      0      1      0      0 0.0027
   0,1      3      0      1      0      0 0.0110
   0,1      0      0      1      0      0 0.0027
   0,1      2      0      0      0      0 0.0055
   0,1      3      0      0      0      0 0.0086
   0,1      0      0      1      0      0 0.0027
   0,1      0      0      1      0      0 0.0028
   0,1      0      0      1      0      0 0.0029
   0,1      0      0      1      0      0 0.0028
  -1,1      1      0      0      0      0 0.0027
   0,1      3      0      0      0      0 0.0086
   0,1      0      0      1      0      0 0.0028
   0,1      1      0      0      0      0 0.0028
   0,1      2      0      1      0      0 0.0085
   0,1      1      0      0      0      0 0.0028
   0,1      1      0      0      0      0 0.0030
   0,1      0      0      1      0      0 0.0029
   0,1      2      0      1      0      0 0.0088
   0,1      1      0      0      0      0 0.0030
   0,1      2      0      0      0      0 0.0060
  -1,1      1      0      1      0      0 0.0060
   0,1      3      0      0      0      0 0.0089
   0,1      0      0      1      0      0 0.0028
   0,1      0      0      1      0      0 0.0028
   0,1      0      0      1      0      0 0.0028
   0,1      0      0      1      0      0 0.0027
   0,1      0      0      2      0      0 0.0060
  -1,1      2      0      0      0      0 0.0057
   0,1      2      0      0      0      0 0.0056
   0,1      0      0      1      0      0 0.0028
   0,1      2      0      0      0      0 0.0057
   0,1      2      0      1      0      0 0.0085
   0,1      0      0      1      0      0 0.0027
   0,1      0      0      0      0      0 0.0000
   0,1      0      0      1      0      0 0.0027
   0,1      0      0      1      0      0 0.0028
   0,1      0      0      0      0      0 0.0000
   0,1      0      0      1      0      0 0.0025
   0,1      0      0      1      0      0 0.0027
  -1,1      1      0      1      0      0 0.0052
   0,1      1      0      0      0      0 0.0026
   0,1      1      0      4      0      0 0.0137
  -1,1      1      0      1      0      0 0.0055
   0,1      1      0      1      0      0 0.0057
  -1,1      1      0      0      0      0 0.0028
   0,1      0      0      0      0      0 0.0000
   0,1      1      0      1      0      0 0.0053
  -1,1      2      0      0      0      0 0.0054
   0,1      0      0      0      0      0 0.0000
  -1,1      1      0      1      0      0 0.0055
   0,1      0      0      0      0      0 0.0000
   0,1      0      0      1      0      0 0.0027
   0,1      0      0      0      0      0 0.0000
  -1,1      1      0      0      0      0 0.0028
  -1,1      2      0      0      0      0 0.0056
   0,1      2      0      0      0      0 0.0055
   0,1      0      0      1      0      0 0.0028
  -1,1      1      0      1      0      0 0.0053
   0,1      1      0      1      0      0 0.0053
   0,1      2      0      0      0      0 0.0051
   0,1      2      0      1      0      0 0.0083
   0,1      0      0      0      0      0 0.0000
   0,1      1      0      1      0      0 0.0053
  -1,1      1      0      0      0      0 0.0028
   0,1      1      0      1      0      0 0.0054
   0,1      1      0      0      0      0 0.0029
   0,1      2      0      0      0      0 0.0056
   0,1      2      0      0      0      0 0.0055
   0,1      0      0      0      0      0 0.0000
   0,1      3      0      0      0      0 0.0079
   0,1      2      0      0      0      0 0.0056
   0,1      3      0      0      0      0 0.0085
   0,1      0      0      1      0      0 0.0027
   0,1      0      0      1      0      0 0.0027
   0,1      2      0      0      0      0 0.0053
   0,1      0      0      0      0      0 0.0000
   0,1      0      0      1      0      0 0.0027
   0,1      1      0      1      0      0 0.0052
   0,1      0      0      1      0      0 0.0027
   0,1      3      0      0      0      0 0.0080
   0,1      2      0      0      0      0 0.0052
   0,1      0      0      0      0      0 0.0000
   0,1      1      0      0      0      0 0.0027
   0,1      2      0      0      0      0 0.0053
   0,1      2      0      0      0      0 0.0051
   0,1      0      0      1      0      0 0.0026
   0,1      0      0      1      0      0 0.0026
   0,1      0      0      1      0      0 0.0028
  -1,1      1      0      1      0      0 0.0055
   0,1      0      0      1      0      0 0.0027
   0,1      2      0      1      0      0 0.0082
   0,1      0      0      1      0      0 0.0027
   0,1      0      0      0      0      0 0.0000
   0,1      0      0      1      0      0 0.0028
   0,1      0      0      1      0      0 0.0027
   0,1      0      0      1      0      0 0.0027
   0,1      0      0      1      0      0 0.0027
   0,1      0      0      1      0      0 0.0027
   0,1      1      0      0      0      0 0.0028
   0,1      1      0      0      0      0 0.0028
   0,1      0      0      0      0      0 0.0000
   0,1      0      0      1      0      0 0.0028
   0,1      0      0      1      0      0 0.0029
   0,1      0      0      1      0      0 0.0029
   0,1      0      0      0      0      0 0.0000
   0,1      0      0      1      0      0 0.0027
   0,1      0      0      1      0      0 0.0027
   0,1      3      0      0      0      0 0.0083
   0,1      0      0      1      0      0 0.0027
   0,1      1      0      1      0      0 0.0056
   0,1      3      0      1      0      0 0.0106
   0,1      0      0      1      0      0 0.0027
  -1,1      2      0      1      0      0 0.0085
   0,1      2      0      0      0      0 0.0054
   0,1      0      0      1      0      0 0.0027
   0,1      0      0      1      0      0 0.0025
   0,1      2      0      0      0      0 0.0053
  -1,1      1      0      1      0      0 0.0054
  -1,1      1      0      1      0      0 0.0056
   0,1      0      0      1      0      0 0.0028
   0,1      0      0      1      0      0 0.0026
   0,1      0      0      1      0      0 0.0028
   0,1      0      0      1      0      0 0.0028
   0,1      0      0      1      0      0 0.0027
   0,1      0      0      1      0      0 0.0026
   0,1      0      0      0      0      0 0.0000
   0,1      0      0      0      0      0 0.0000
   0,1      0      0      1      0      0 0.0027
   0,1      0      0      0      0      0 0.0000
   0,1      0      0      1      0      0 0.0026
  -1,1      1      0      0      0      0 0.0028
   0,1      1      0      0      0      0 0.0028
  -1,1      1      0      0      0      0 0.0026
  -1,1      2      0      0      0      0 0.0053
   0,1      0      0      1      0      0 0.0027
   0,1      0      0      0      0      0 0.0000
   0,1      0      0      0      0      0 0.0000
   0,1      2      0      0      0      0 0.0057
   0,1      0      0      1      0      0 0.0027
   0,1      0      0      1      0      0 0.0030
   0,1      3      0      1      0      0 0.0114
   0,1      0      0      1      0      0 0.0027
   0,1      0      0      1      0      0 0.0028
   0,1      0      0      1      0      0 0.0030
   0,1      2      0      0      0      0 0.0057
   0,1      0      0      0      0      0 0.0000
   0,1      0      0      1      0      0 0.0030
   0,1      0      0      1      0      0 0.0029
   0,1      0      0      1      0      0 0.0029
   0,1      2      0      2      0      0 0.0119
   0,1      1      0      0      0      0 0.0028
   0,1      0      0      1      0      0 0.0027
   0,1      0      0      1      0      0 0.0025
   0,1      2      0      0      0      0 0.0053
   0,1      3      0      1      0      0 0.0106
   0,1      0      0      1      0      0 0.0027
   0,1      3      0      1      0      0 0.0107
   0,1      0      0      1      0      0 0.0026
   0,1      0      0      0      0      0 0.0000
   0,1      0      0      1      0      0 0.0027
   0,1      0      0      1      0      0 0.0026
   0,1      0      0      1      0      0 0.0027
   0,1      2      0      1      0      0 0.0078
  -1,1      1      0      1      0      0 0.0052
   0,1      0      0      2      0      0 0.0055
   0,1      0      0      0      0      0 0.0000
   0,1      0      0      0      0      0 0.0000
   0,1      0      0      1      0      0 0.0027
   0,1      0      0      1      0      0 0.0026
   0,1      0      0      1      0      0 0.0027
   0,1      0      0      1      0      0 0.0027
   0,1      0      0      0      0      0 0.0000
   0,1      0      0      1      0      0 0.0027
   0,1      0      0      1      0      0 0.0028
   0,1      0      0      1      0      0 0.0027
   0,1      0      0      1      0      0 0.0026
   0,1      0      0      1      0      0 0.0026
   0,1      0      0      1      0      0 0.0025
   0,1      0      0      1      0      0 0.0026
   0,1      0      0      1      0      0 0.0026
  -1,1      3      0      0      0      0 0.0082
   0,1      0      0      1      0      0 0.0028
  -1,1      3      0      1      0      0 0.0107
   0,1      0      0      0      0      0 0.0000
   0,1      0      0      1      0      0 0.0027
   0,1      0      0      1      0      0 0.0026
   0,1      0      0      1      0      0 0.0028
  -1,1      3      0      1      0      0 0.0107
   0,1      0      0      1      0      0 0.0027
   0,1      0      0      1      0      0 0.0028
   0,1      0      0      1      0      0 0.0027
   0,1      0      0      1      0      0 0.0027
  -1,1      2      0      1      0      0 0.0083
   0,1      1      0      1      0      0 0.0058
   0,1      0      0      1      0      0 0.0027
   0,1      0      0      1      0      0 0.0028
   0,1      2      0      0      0      0 0.0053
   0,1      0      0      1      0      0 0.0028
  -1,1      1      0      1      0      0 0.0053
   0,1      0      0      1      0      0 0.0027
  -1,1      1      0      1      0      0 0.0054
   0,1      0      0      1      0      0 0.0027
   0,1      0      0      2      0      0 0.0055
  -1,1      2      0      1      0      0 0.0084
   0,1      0      0      1      0      0 0.0027
   0,1      3      0      1      0      0 0.0110
   0,1      0      0      1      0      0 0.0027
   0,1      0      0      1      0      0 0.0029
   0,1      0      0      1      0      0 0.0026
   0,1      3      0      1      0      0 0.0104
   0,1      0      0      1      0      0 0.0026
   0,1      0      0      0      0      0 0.0000
   0,1      3      0      1      0      0 0.0110
   0,1      3      0      0      0      0 0.0081
   0,1      0      0      0      0      0 0.0000
   0,1      0      0      1      0      0 0.0027
  -1,1      1      0      1      0      0 0.0054
   0,1      0      0      0      0      0 0.0000
   0,1      0      0      0      0      0 0.0000
   0,1      0      0      1      0      0 0.0027
   0,1      0      0      0      0      0 0.0000
   0,1      0      0      1      0      0 0.0027
   0,1      0      0      0      0      0 0.0000
   0,1      3      0      1      0      0 0.0107
   0,1      0      0      1      0      0 0.0027
   0,1      0      0      1      0      0 0.0027
   0,1      0      0      1      0      0 0.0028
   0,1      0      0      1      0      0 0.0027
   0,1      0      0      0      0      0 0.0000
